58
92
270
612
483
460
757
21
41
287
355
367
376
427
489
495
699
23
598
94
237
853
106
316
415
452
93
464
182
24
10
105
14
19
69
454
152
146
72
312
233
134
578
135
147
500
16
136
451
12
340
3
239
564
395
661
443
313
131
783
445
107
51
507
219
204
687
196
549
78
532
322
584
91
256
7
698
418
243
706
27
976
42
30
391
158
392
657
501
378
466
590
251
351
458
588
81
54
80
356
73
354
508
382
334
306
333
45
429
218
120
486
335
25
189
112
1
358
660
240
194
116
82
18
410
339
221
140
212
198
434
200
602
725
75
786
57
213
269
127
446
153
46
241
282
70
401
39
331
332
40
819
303
65
216
504
188
52
214
654
509
393
230
20
132
271
711
85
396
468
143
594
267
765
352
74
414
573
724
62
166
68
775
315
321
206
201
517
323
543
13
185
38
545
122
50
859
629
121
884
756
371
592
128
113
215
389
155
730
907
399
49
31
381
585
205
193
76
238
372
1005
56
638
568
614
742
447
499
441
848
404
995
555
176
954
554
284
308
784
248
329
44
235
847
137
6
480
246
849
384
268
150
870
8
90
259
896
833
467
289
327
409
390
4
1069
55
337
748
1035
552
470
726
314
691
34
15
142
341
183
347
280
603
368
299
210
908
263
512
133
518
457
591
197
117
165
459
149
276
305
745
79
144
824
709
59
425
872
503
433
808
868
569
731
694
572
199
953
432
912
481
361
485
1067
1078
274
695
456
187
658
529
2
430
888
416
641
115
743
491
484
523
506
610
290
297
383
886
957
675
118
408
254
362
255
324
902
413
636
417
369
809
1112
22
558
958
795
634
119
348
224
649
265
1009
894
662
505
141
825
599
330
387
353
208
669
207
677
1003
788
186
257
840
217
882
561
855
988
895
546
336
407
586
388
812
71
363
983
145
101
311
574
571
475
252
885
770
498
110
202
990
692
521
887
611
671
291
103
996
871
817
402
357
643
780
769
565
168
1105
1050
385
63
278
527
737
697
61
746
553
600
567
258
744
220
439
513
920
400
904
816
437
157
307
622
67
250
104
881
992
88
632
950
1066
935
17
540
515
245
836
164
981
344
11
346
96
497
479
903
211
940
317
203
696
869
370
192
1019
477
124
227
1045
148
710
963
296
640
5
822
860
587
1058
1001
945
818
244
729
310
195
364
288
162
29
1098
325
721
260
608
326
386
377
719
422
279
298
846
811
663
1037
806
190
968
659
184
723
627
431
707
861
1054
601
648
1075
793
889
412
712
989
778
114
689
942
64
613
309
620
181
129
1038
538
705
28
360
923
668
365
891
275
420
741
688
320
541
890
792
700
965
684
985
754
542
472
9
293
647
89
810
927
444
1087
650
1068
755
66
231
880
338
1079
77
766
1062
397
469
47
761
379
979
875
1032
1049
1113
596
1086
380
223
773
411
646
828
962
286
854
343
633
95
924
566
753
850
1084
794
1004
1041
1053
1031
1026
476
1110
579
1043
595
899
490
645
718
226
222
83
563
440
835
607
398
844
702
156
980
403
179
98
487
350
609
1036
686
802
130
701
225
1097
438
285
1020
749
666
234
161
1048
1056
736
987
604
435
883
1109
728
750
621
1024
1088
941
228
169
910
821
982
462
864
405
191
138
843
975
1034
651
623
851
178
1011
375
1089
837
48
832
1103
300
803
581
714
807
531
1080
209
667
656
771
43
528
597
359
593
772
1090
704
1106
928
715
1017
683
781
693
172
764
84
774
471
752
86
642
760
557
1039
952
589
1046
580
858
461
960
937
511
1063
834
665
1006
125
1059
639
510
734
582
345
577
273
406
100
1044
845
170
173
862
1091
865
943
163
1072
949
738
785
575
929
421
547
1092
154
637
87
1030
768
33
242
938
1096
918
102
900
616
1057
1104
1076
1002
295
1014
618
1051
342
892
931
262
32
1100
967
939
946
930
1016
1065
857
681
373
302
1028
99
366
805
813
522
496
991
551
615
448
877
685
905
796
789
926
921
167
328
1093
947
814
703
419
922
533
560
955
1108
986
1013
897
1007
1070
1010
544
272
319
60
732
474
1060
160
426
1095
838
123
516
423
465
936
717
1064
901
482
26
776
678
804
301
1111
978
751
767
682
1124
126
915
973
349
1114
502
799
827
674
1130
874
690
519
948
559
1025
713
829
944
171
841
139
37
576
993
617
680
733
1122
1107
758
787
1061
664
530
108
797
619
436
492
791
906
488
174
878
583
823
1117
1073
556
35
739
1047
229
735
1119
1074
36
562
449
790
933
1052
1129
428
1023
626
999
759
493
109
570
969
473
782
909
997
635
919
630
1000
1132
1042
628
763
524
1125
762
798
624
959
932
539
961
1101
856
720
424
1012
966
917
1120
453
708
672
1085
525
1033
0
898
159
534
1123
839
971
374
625
53
264
1021
866
1116
740
494
863
994
180
1077
97
801
1099
876
1055
679
1083
1027
644
1131
747
893
911
463
455
815
867
984
970
879
526
232
1040
655
1015
676
1121
266
779
722
304
535
318
831
964
852
450
1081
800
652
1126
830
972
913
1115
111
777
998
727
283
673
631
974
1127
536
253
1029
951
670
914
826
873
537
934
1102
520
1071
442
151
550
956
548
925
606
653
1008
247
175
1018
249
294
820
1118
261
1128
394
277
292
177
916
605
514
977
716
1094
236
281
478
1082
842
1022
