2
14
21
10
24
30
41
57
182
7
23
355
13
25
19
27
51
54
76
105
329
82
42
135
12
434
4
356
241
38
70
52
58
112
120
243
68
72
62
46
429
40
3
183
137
213
323
321
313
45
331
121
165
361
322
49
454
6
146
201
202
134
401
56
94
233
378
194
470
404
16
204
468
299
176
314
303
446
215
218
73
259
341
287
212
152
282
268
205
50
384
1
246
196
332
115
333
78
85
327
274
185
316
140
15
31
308
116
206
11
368
69
197
354
20
128
39
219
44
396
106
235
240
34
131
147
113
372
143
230
93
79
413
107
383
363
8
252
228
251
203
207
330
5
55
248
284
275
74
414
237
460
452
376
393
443
269
369
271
117
155
458
59
65
90
362
210
199
457
193
289
387
279
367
371
410
346
22
29
216
370
244
150
391
276
267
198
250
381
307
142
263
447
337
17
306
80
71
430
445
189
168
221
305
297
81
280
344
311
145
385
467
132
255
335
439
364
324
340
254
200
409
386
427
238
28
245
382
239
162
61
399
181
217
214
415
184
192
64
104
400
191
63
88
124
469
77
257
416
43
265
312
420
325
91
466
437
9
101
18
339
408
426
84
476
392
310
315
102
127
286
110
441
118
418
390
67
343
300
47
425
119
164
161
334
444
293
433
296
375
89
149
328
92
148
358
260
360
258
270
352
133
309
75
417
431
348
380
475
451
464
169
144
48
158
66
222
129
477
342
472
208
103
357
157
242
178
179
225
320
291
288
298
388
412
234
187
317
96
224
186
139
141
389
406
153
188
83
350
256
272
438
377
125
423
456
33
421
336
231
473
277
405
211
836
411
397
407
220
326
100
428
108
86
190
1031
919
349
136
166
351
249
302
911
448
154
262
461
804
353
440
195
264
163
223
1049
1036
285
419
471
459
281
366
822
667
449
517
1088
338
395
1045
455
99
1026
1075
453
227
435
847
747
432
991
32
290
138
167
819
784
703
365
26
642
226
114
519
772
1024
465
172
359
173
690
746
122
723
833
379
482
872
926
1047
990
487
534
547
171
36
95
130
479
774
970
995
713
998
839
450
266
956
870
345
749
751
944
1008
616
159
719
910
893
753
816
821
511
907
1063
864
1044
653
973
699
892
705
422
680
1114
1127
1091
603
1068
1076
502
1018
727
595
0
666
940
694
878
622
87
174
793
854
587
1125
1053
1064
585
209
394
696
811
932
726
564
604
546
829
762
516
725
617
906
692
992
902
798
835
989
689
1009
790
639
97
518
540
1029
1105
837
883
567
745
1062
897
549
633
857
1056
109
510
1001
845
491
980
522
961
1115
1118
840
962
1000
960
795
976
901
1069
1004
695
869
738
781
539
294
908
610
495
1085
884
586
1108
743
708
620
838
841
662
895
920
984
1117
674
953
807
123
615
1040
803
765
887
543
582
583
498
1077
1086
773
799
924
885
643
485
598
1122
1107
509
758
576
630
295
737
565
800
788
529
283
577
979
578
867
712
508
1092
1048
899
1002
909
818
501
236
601
718
1102
831
442
634
675
625
552
896
759
972
635
994
621
912
1033
750
923
572
891
679
1043
967
827
648
177
997
474
728
687
937
858
626
931
863
627
945
756
1022
954
1020
160
1121
1041
53
1103
659
700
865
882
805
515
580
955
789
826
701
938
996
810
874
609
436
555
711
483
688
681
849
1112
890
834
757
761
917
605
278
669
697
801
594
851
1007
657
1032
503
590
785
494
499
557
1113
1034
568
612
853
599
673
763
868
939
677
589
520
535
1003
1084
794
512
928
1098
769
1109
776
916
652
1066
1039
1083
591
942
748
866
921
1060
571
1017
292
922
1093
596
1057
1097
830
524
301
966
575
493
486
151
514
770
856
463
982
1081
374
978
777
175
684
949
812
1079
607
704
481
1124
744
35
558
825
170
563
504
1123
936
1016
732
532
873
933
734
660
623
1080
862
889
60
655
550
373
566
941
592
999
1131
628
1111
754
1126
925
771
780
632
787
1090
820
663
691
505
602
319
767
792
855
706
528
947
1025
768
1037
1106
731
650
876
581
886
815
1089
37
629
888
721
1095
569
584
676
946
347
671
716
1015
875
985
497
1042
600
964
782
905
489
636
229
574
1130
606
951
618
802
968
672
850
965
808
658
1055
611
824
1116
1099
714
559
506
881
783
848
424
637
1070
527
894
656
952
1023
915
561
935
1133
987
860
796
904
859
929
579
682
462
1021
645
1011
715
261
971
1119
993
525
1019
778
1050
548
934
729
1013
1010
608
683
403
981
533
1005
573
823
597
624
720
779
1100
304
1051
1012
943
733
1082
1096
1128
739
665
551
631
843
614
490
536
814
646
273
702
1120
722
593
1110
764
1087
541
752
817
975
678
775
717
791
986
686
588
647
813
861
988
828
797
740
1067
950
1094
871
554
664
1027
560
542
710
668
641
562
698
880
545
156
842
983
685
974
247
538
480
526
948
478
736
484
809
500
402
1052
1071
760
693
1035
741
1028
1129
927
1061
879
253
644
977
1014
556
1058
918
180
742
1059
735
521
1104
507
661
1054
640
232
531
513
1078
1132
1046
844
318
755
1038
98
1074
649
903
969
957
709
846
913
398
537
638
914
877
958
832
898
111
544
530
786
1006
1030
959
126
654
766
852
724
1072
730
806
651
963
670
1101
488
523
492
570
707
496
619
553
1073
900
613
930
1065
