19
4002
97
1725
6490
1701
64
4368
306
3756
11132
4352
555
822
2772
2798
4977
5748
8850
4475
6504
3961
941
4880
1836
3265
4398
7362
4059
801
5484
2134
9442
1527
4580
1911
1494
6602
3350
7346
12022
1853
7936
12
4160
7758
22
10423
2315
48
2591
573
36
3070
6698
827
3712
7232
1706
7621
4725
2986
2154
6257
7353
7633
2887
2606
199
2997
2902
6636
2820
5570
3772
4379
1260
1039
8800
10514
1863
780
10760
7837
10749
1
6495
11976
7649
47
75
1301
1212
5781
2314
2999
4062
7264
187
696
1327
7308
6977
1124
2040
4396
4121
70
6639
9972
7402
5839
2121
790
8780
9636
421
3032
3510
10
3981
2770
1776
858
7810
9944
2723
11329
4010
7738
49
8444
1850
4168
3506
2330
6306
12804
1822
3250
449
890
1340
6655
10753
7736
4072
532
2425
5661
11922
1213
406
885
9270
385
4180
2407
149
5843
55
5527
10876
1406
10079
3352
8580
1086
5916
4434
1184
5071
1330
12844
5214
4172
3415
793
8616
10378
5662
2858
1007
3013
4113
11424
320
1865
9629
2362
3550
1809
2865
2774
11183
2806
440
25
786
12644
8298
3982
3864
349
2272
12029
11598
8259
378
668
10603
8485
10906
6686
3743
13322
10882
9869
3796
5623
5685
8708
8390
2936
12128
7090
954
7927
4773
9189
763
14376
7434
4854
8172
9068
3777
5725
11375
13625
2173
11425
11888
14884
6449
72
7572
785
119
12744
1236
1515
2658
1248
3363
11178
103
12110
369
10772
7029
1554
5966
7275
1028
3368
5123
14992
698
5919
3992
1556
1897
4421
1958
223
3085
1095
1449
4693
6875
10974
8265
1012
12435
2546
10803
6270
446
2921
5974
12073
6212
78
8198
45
3428
6436
292
67
379
82
10240
8010
783
7887
1351
8504
4838
11999
10369
11014
8724
3086
5030
14007
5825
10897
424
7315
11239
13370
3071
9911
6863
2995
336
5113
7776
179
6813
1618
9454
437
9275
9682
9054
162
2433
475
2327
8166
340
8606
4076
6437
11068
4668
9104
1834
9193
12355
13544
3471
13386
595
10364
3856
2834
9650
15431
13027
7683
14177
3
9597
12627
1473
9046
6290
14094
11340
6621
15157
12723
167
2745
4075
674
12590
109
899
309
14214
9122
5231
4735
324
11280
14552
8263
10441
8470
13800
4070
9410
3241
8934
10323
11901
6039
7478
615
10686
14330
7856
1169
2129
5255
11568
38
6538
7421
2515
14962
7436
2763
2885
4825
14382
8481
1807
158
1454
6376
2235
13932
2239
3137
215
1608
7077
9178
7532
1856
10103
10967
13624
1057
8566
6848
3302
1365
1693
1719
4650
11667
13052
9777
10214
3628
6658
9943
3357
6794
8090
4896
8878
3720
4255
7984
5139
5361
104
4709
1344
6959
8609
11505
6463
11124
11545
11675
13469
8773
10771
5401
338
8923
6224
7988
6889
1737
300
10317
5138
11751
15426
14075
467
2590
4870
819
11715
1581
1676
5121
758
10287
4796
1288
1364
12350
9285
2132
12517
4517
3559
4308
6635
410
4055
12678
203
7329
2089
6995
904
9177
11727
8942
9748
6751
5686
14349
2735
708
10556
4300
11488
2905
603
12725
13460
2608
3213
1847
6012
670
12923
12387
11125
6544
4945
13310
10826
4605
14674
10463
3488
4217
12135
778
2931
11612
7450
13509
3716
7066
7646
9595
11185
3031
12809
274
4202
5187
926
148
5461
10823
625
1951
5296
6950
12004
7713
828
14114
7180
1996
1255
4074
2062
234
14915
9301
7185
8686
3546
10185
13479
5309
11821
12178
11003
2200
919
9961
7952
278
6203
2093
2771
871
8363
2652
2558
3524
4474
2339
8762
4390
12272
11260
15138
726
718
4257
626
3710
138
506
5890
9683
3004
10341
11188
1020
2372
3185
1875
9019
10685
11485
302
5349
13670
6079
1769
7794
7408
3058
8950
7608
4514
8386
6957
1579
1868
11772
245
5729
11401
3166
2364
3882
1385
686
14928
134
4277
6195
470
9079
4531
10126
522
4431
2765
11979
10927
915
7177
14432
9973
609
13655
2670
6946
7620
11651
594
5649
3285
3718
3101
3336
5874
13341
8885
1291
14843
15076
11376
9556
11916
315
5134
4377
11831
11966
7589
9942
8810
10110
4665
5798
13785
3299
10836
7289
3755
444
6917
4081
6077
7740
3171
14796
2495
1113
4941
3466
8586
8009
14078
251
1489
922
6683
13259
6172
3373
27
2822
4614
10316
7681
2369
4827
1668
6450
163
6611
80
1156
5285
14700
1622
8777
4782
8930
5190
1855
11151
9856
9077
11567
4052
3456
14504
12746
1178
480
7812
6710
1387
12786
1275
7599
298
6826
2972
6892
2410
2393
12012
959
4515
11508
3696
11776
1549
993
6402
8468
6106
7101
3007
2097
1438
949
1185
11695
3897
4213
2341
1747
9594
4705
1629
4407
5793
2953
4811
10219
1969
32
2943
2613
2948
10788
5578
6534
1763
10656
7600
12307
351
14127
100
13986
8073
2993
6481
6716
12067
8024
3808
511
150
13936
11117
2787
8675
4225
5477
8947
11144
7306
7094
1145
2348
454
3421
1708
14825
1785
11122
14916
8729
5405
7163
237
7345
7120
797
3255
9880
1699
6516
12921
891
15049
11439
9774
13731
8595
7460
5388
4561
5345
4781
11015
4805
2923
951
5335
6880
8975
4306
6168
8385
12675
7385
9114
5723
1404
235
2889
1421
9399
10297
5382
10326
3134
2463
13833
1426
701
8356
1833
558
11088
2229
13865
11587
2085
11129
1922
5017
523
8820
1324
5342
515
7336
1269
5962
14829
455
13158
14912
5380
1928
5478
5555
4156
13858
1424
12354
6682
9426
3938
5983
2301
1844
11900
3885
11944
4919
5973
14492
10215
8639
7316
2567
3075
1612
878
1005
5400
9694
4645
5617
4642
1101
1201
3761
12352
6124
2163
10915
10966
5580
12465
6982
415
8617
7697
3561
3449
534
1854
2002
12468
8333
10609
800
9665
796
3240
4378
4565
14095
10301
2335
4087
11641
4732
2396
3548
11556
6470
3649
8523
5001
2796
4908
7280
4083
6424
4456
6423
98
6249
14104
8869
2570
974
10352
3703
373
4146
319
11303
3749
6468
6171
2307
6785
2464
3931
6674
7041
1061
5455
1250
9685
8895
12428
12565
1698
13211
10081
7903
10992
14159
4231
7124
7083
10851
13592
6868
15526
1216
11448
227
14488
2773
7430
5379
1654
5332
6070
1000
5208
9699
13238
9215
7911
3144
10923
6837
14329
12464
3201
8818
13815
7699
4134
12653
12349
1968
6375
9326
7242
8239
10033
11689
3461
11423
1858
12574
3654
3346
1134
12336
2171
9705
5633
12987
8254
6387
2452
5070
1901
7790
6353
10640
2821
10036
4018
3589
1578
10703
9368
10470
7870
13847
1789
12500
397
335
7819
13947
5368
6160
684
1820
9204
10060
9233
12384
85
11755
13546
12957
1490
14061
3602
12240
11407
5409
6672
11279
3515
1692
3158
8937
10032
8410
9460
9065
10257
1272
11352
14340
1029
9662
8985
602
9195
11577
4230
7170
8258
4822
866
14632
11038
1781
1235
8683
3398
6966
14954
6115
13483
5028
8162
2287
205
4955
11338
8303
7245
7694
13398
12174
6011
10613
5515
4761
3537
1843
9411
8956
10654
14449
11320
9209
3912
5364
590
5424
1952
6324
13197
5598
9300
4482
5654
10720
840
11892
10179
7753
1398
8036
14826
4318
10428
10914
1267
4417
8102
2655
2498
8331
4598
7675
11446
10145
2793
10216
2838
3198
761
10791
5664
13920
1607
9029
671
7160
5529
1065
4993
4478
11889
8505
3214
6728
9859
2971
11325
7643
10199
7583
11704
3149
3205
11121
7860
10242
15176
8865
4975
14819
13792
4652
2743
16
15266
11017
9756
10667
13934
6252
7950
3354
6540
7407
887
4283
2956
2755
12667
15199
10764
12124
2680
8128
15153
9160
738
132
9758
7489
8107
10959
4610
7632
1415
6557
3580
14772
8695
4086
7720
2036
2436
14669
2663
9781
6697
1444
8301
4706
12376
3878
746
13878
3399
1749
3768
829
8371
3049
8033
7703
12166
9830
8999
4901
11099
1530
8501
11139
2422
639
2156
4626
4905
12540
1293
9867
1400
7358
14689
10808
9351
10538
4966
14211
2240
13523
10165
12278
1127
13057
8158
13336
13388
5269
3606
11883
11306
10272
6157
10075
9049
2049
5394
13208
6793
11504
4956
8181
3039
3866
13266
5651
7045
11824
8127
638
6934
10092
14846
1779
1596
11167
988
192
8306
5040
11929
6001
2496
1118
2303
983
9126
7210
7803
6312
11159
9977
10058
1598
12228
5941
10677
9624
1617
1685
9544
1309
12346
8151
7766
8880
8559
10752
10951
1923
12168
6442
7569
2104
7437
10890
356
8271
14580
1214
8882
12338
3237
5893
10510
329
6142
7216
8564
11477
12353
10419
13382
261
3656
3359
4842
8421
1240
3567
7081
4671
1613
3053
14248
2907
6891
15085
9199
12262
6811
1166
722
11965
8057
4157
14546
509
12660
12789
5169
4137
6345
14932
854
6979
6749
13750
10558
4847
2127
2890
749
9239
12131
1571
12438
6394
629
3184
3209
10942
12088
10588
10031
12155
10065
680
14782
10944
8633
14313
5371
9850
13476
5883
10545
3475
1734
14029
2647
11941
10396
7414
1056
259
1694
1461
6812
12365
11209
1189
425
8596
11055
14901
5501
2549
2022
6788
11229
7989
2594
12726
12476
4455
12947
10624
7429
4499
8479
500
122
5631
15338
999
6455
403
12696
13062
1341
13447
7838
5418
13342
14299
3059
2255
4581
5004
12339
6274
12285
5538
986
8896
7187
10149
13745
5904
9482
10353
13694
10574
13174
3843
2219
6975
812
2958
6825
729
5961
4684
4890
13010
3108
3655
13912
6560
10519
2947
13432
9026
10124
11848
12635
14744
8409
3096
2417
12674
5069
7228
12218
10366
12779
9630
7410
12144
3095
2106
8232
44
4624
4143
4490
9520
8340
7079
13437
7018
12925
9668
4768
1207
14893
9937
14153
7752
14087
654
12988
8096
14221
14746
15444
13015
15122
4917
12663
2460
13979
4315
13457
11343
4336
2952
753
12945
1209
3995
2909
8430
6204
2020
7539
8438
646
14158
13511
13221
9743
1709
10912
10929
2084
10730
484
2578
11344
10647
4780
13553
6388
10501
12290
12479
4413
7894
12284
15433
8788
875
2957
12817
2005
7497
6432
5068
14854
11034
11212
15306
6227
4918
1650
14508
13605
2357
301
11787
3620
9025
2812
1023
8422
7356
5088
15398
982
10931
14480
7420
1390
305
2979
7435
6328
7491
5433
12856
14640
353
11760
8757
8608
3460
10512
9307
11570
7091
9661
11904
2933
13708
5597
8912
2411
3892
9168
6302
2184
2748
12913
934
14073
9634
1368
12524
260
7448
5252
3652
5232
1507
5331
432
4361
13286
1009
4656
412
3617
10893
4910
11790
10481
1094
554
8640
3725
12373
11998
6708
7010
9295
7723
3529
2903
1711
297
6799
13526
7241
10164
4388
7815
5594
8163
2575
13012
7949
14961
7871
9072
13350
4542
2929
7658
462
10388
2048
10466
10156
2205
3120
4736
8325
2893
7136
1311
851
1640
4281
14540
1548
1933
9299
11457
2968
502
14394
10244
1780
7975
14708
1682
1677
7639
3983
9375
2065
6400
4235
12927
5102
13567
7775
1627
6019
4504
7244
15552
14178
7372
10751
11635
4071
7585
12451
13874
2009
13839
3223
144
12873
1075
10766
7438
5546
11248
616
9795
8510
1283
7741
2069
8901
1724
11382
2944
3677
896
14428
12198
4173
3052
13351
3954
11081
1788
11168
1690
4278
9817
11210
12800
1167
11069
5588
9775
10034
8644
3684
5842
11033
12425
3731
6656
1647
7710
15296
3440
4978
5152
8372
13339
12944
762
9324
5658
2079
8029
7009
15584
8406
9376
3050
11399
3017
852
7276
7552
15524
7789
113
5092
10837
6453
1496
8373
10746
3365
4748
1195
2456
927
7022
8562
8291
9765
12038
7268
7113
2095
806
6162
2278
4014
5147
9067
12075
2053
3148
3501
14239
10627
13490
1943
14225
7651
9579
57
1900
6434
303
3193
3112
13664
2133
2358
8662
4437
12853
4415
9440
7320
2662
1538
889
13819
745
14386
281
8834
1762
1320
7154
559
14259
4700
7560
13058
950
4404
7051
460
1505
1569
8631
1872
7961
7537
4930
4578
5469
3879
567
339
2297
2940
10315
7203
11000
8967
13983
5523
2595
9930
2677
13324
11930
12273
1621
1962
15489
15375
1615
14876
7798
10284
7037
10479
11090
12963
15292
7389
7031
3347
1067
10142
12935
240
10566
6838
7547
10608
9259
11380
13017
659
4001
13957
8240
9740
4566
4898
10077
4727
3960
641
2860
11217
5782
9198
14348
10637
7680
12413
2432
12220
4807
10294
7278
6156
10038
13981
171
5050
2687
10800
15054
2056
9495
3445
360
1908
12920
3480
7302
5951
5480
13165
12011
6236
13391
3472
1108
4596
1345
2572
740
7771
2738
5054
8154
10962
772
13639
4194
4304
5176
12650
5699
13176
9167
1239
13455
692
1003
9148
560
6026
9625
6433
12777
126
5016
2719
14418
6736
8622
2509
2479
5373
11958
13894
2409
2161
4724
1186
15572
13603
12440
5278
10260
598
6787
839
9349
748
1172
1948
6474
6807
8971
13493
6726
9832
2197
7712
4282
4082
8238
6634
9560
9211
13292
12887
10534
9760
13123
1671
6625
6088
14168
12946
13554
13954
10288
8255
3498
9060
1513
14694
14856
991
5847
3874
7274
2857
3625
5869
13147
3438
1973
1953
6082
11274
9514
6397
9342
1616
2689
894
9959
11501
5412
10635
11621
14213
7399
3160
5591
10779
3040
15595
2253
11255
2329
2533
4738
7626
3651
14754
703
6840
2107
3147
14016
14410
10981
12632
12279
1447
1423
2058
1799
11062
2554
9425
7505
8383
11308
14338
1587
3991
12522
10569
13596
12587
11527
960
14053
10180
2190
3861
9596
3507
14491
2453
15029
15067
5791
10261
11702
12934
6706
1636
12866
141
5521
7546
6850
1783
5116
6461
13717
2569
5849
11775
1021
4753
9940
11850
2223
8781
10217
3014
11249
8652
12057
12224
3577
10162
9784
14666
13124
7502
3494
12364
3023
11270
7340
1882
3511
10844
430
10533
11731
600
14514
10044
7636
9341
6562
2592
10721
12691
5027
6045
1972
7194
7506
10783
13439
6066
1276
9773
35
3925
8768
12810
15377
9352
3958
5177
8081
12757
8829
7689
15385
11305
8838
9038
8247
8080
3517
8399
7791
13128
9639
1478
1990
4473
13545
3018
1445
12503
12393
2082
10571
2786
12730
13765
11870
9310
15460
15422
12956
935
6081
11137
453
5517
3479
8570
4019
282
2815
969
2169
13434
10795
14368
4149
8367
12679
3967
4449
13628
4591
6304
3163
2445
9739
11918
4863
15373
13599
15472
8369
352
11660
4845
932
12293
1867
2634
10535
13666
3203
1662
9378
8116
1511
9653
14455
8403
14108
6430
14126
11106
337
10531
11087
6692
228
11245
9186
7363
1656
13961
3048
5082
1954
3483
1501
2928
6309
7048
6588
8714
2316
3804
13433
1265
5357
10577
13290
8515
3553
4980
14547
14590
897
9445
5281
2288
4694
13309
3311
8347
1957
5076
13832
4248
6277
711
8578
9362
873
1284
13503
10701
8699
8789
11617
12105
12693
1469
7071
5483
10671
7807
2679
4502
1778
9948
12040
12172
12553
9894
3074
15511
9580
11145
8318
9600
996
8412
10904
13677
13100
10619
10232
14972
9062
15252
8521
2257
10070
13113
9652
6256
7928
1845
1072
14812
1059
10049
9360
13498
12790
7751
6752
12399
11042
2769
3717
10411
1674
4559
6869
2600
947
10930
13138
744
702
7374
13293
5760
1388
5980
2143
11400
3244
10683
2124
1752
14042
3100
15115
13626
7046
7298
818
10642
4353
15349
3103
9379
1208
15069
11012
1310
7481
12704
1399
7269
7314
12722
2602
5090
755
14609
1522
8461
1148
14839
13738
14589
5822
13424
5014
658
5747
12581
2967
4592
2189
18
9541
4314
1639
4661
7325
3418
1811
14495
3066
548
10935
14543
2896
9134
9703
9864
2270
2098
9183
10398
599
924
1142
1471
11872
9321
8632
10731
11459
2275
976
12448
5324
3312
7619
1153
7513
8940
8997
2688
15701
3539
13675
13185
12084
1730
4325
4821
8939
973
1286
15435
14973
9577
9648
15645
6179
6685
7324
1658
4907
2714
2562
15565
4498
882
5212
2309
1287
12190
678
5495
11277
2443
13423
6315
1950
11211
14830
5063
7754
3545
1542
2101
2159
6391
10444
10941
8626
269
13368
10368
439
10487
2559
14026
3579
4902
4799
8374
11456
12702
4483
11094
11634
15315
10860
10277
5715
15140
1663
7981
7024
4245
6485
7685
11422
6229
9889
995
8350
1665
503
11697
2530
14452
10318
6034
11288
1079
2044
14219
13054
3867
1361
8743
6122
15279
7145
14383
6148
4211
12118
4726
4560
11130
10016
14314
12989
7167
11750
2114
11934
10526
5766
1744
7365
10745
2263
13889
12030
13704
9385
1394
6500
11404
4322
10610
12911
13216
6622
11093
9390
4688
15091
9497
5156
11266
8591
7638
14881
3429
11187
14526
6539
15393
5995
967
6661
940
107
10976
3975
10917
2213
14559
1898
15048
10035
5275
5396
5192
784
9467
88
5444
1830
3532
13715
4101
4915
6858
7265
4174
6933
1249
11405
7428
8532
15244
3865
331
9876
8835
1485
4494
1206
5990
7202
11355
5784
4662
9358
8338
5327
12334
10222
10206
12771
11476
2237
200
9631
9142
15267
11227
9534
8051
9519
2250
11440
13967
15408
6885
2987
13853
411
8692
4006
13696
14307
14899
5701
10693
4031
5823
9490
1268
11540
7586
13959
3430
5902
7656
10708
8558
1536
4445
906
11833
7535
10618
9991
1062
10867
15365
1391
14511
6409
13099
7484
1904
14963
9842
14018
95
9565
4747
5464
6291
8160
4265
12431
123
14638
14091
9958
2363
12509
1888
2209
14426
14121
10383
1354
1675
8460
10802
6337
7499
4057
706
12388
11903
15014
7996
13307
4312
10037
1393
8576
355
8046
1219
11783
8293
1964
13471
6357
14302
3281
4030
8334
413
5058
8913
2534
11614
12966
2627
10061
7471
14874
12708
9174
4929
11205
11157
11143
14837
13532
3607
3623
13574
8499
10336
1821
7103
357
161
6482
40
2846
14294
9439
6
4438
3423
15722
3647
816
4286
802
5120
8741
8500
14250
4534
34
4579
10399
12938
2649
9687
6942
5965
826
11411
10078
10910
11362
1433
9457
11379
7483
9022
7963
1077
5034
4219
1643
581
1439
15396
6712
11640
5195
597
9164
3812
7347
1221
14880
13334
2471
5927
8873
2296
2242
12018
3759
12508
4627
1585
7869
7742
13301
3156
11018
15314
8332
8382
11745
7821
2666
6348
12306
2068
9522
9459
151
5052
9969
13582
10757
7334
11974
5792
3082
15561
3582
14631
7644
8722
4418
2925
10177
10123
12063
2086
13780
7561
1091
8524
3405
8012
12120
5717
2841
14010
12324
9696
7281
2371
7792
3803
7524
10960
13520
3894
4440
10544
11284
12457
8018
313
12833
2502
8986
12629
14844
7854
4532
989
3963
962
1660
5489
5250
3316
68
11293
3178
3818
3877
12010
11201
3640
11443
3679
11098
15156
773
13321
7147
813
15372
8739
12619
10991
10375
14277
3630
860
6350
3170
15515
4849
10436
3218
12412
11345
2742
11975
12094
11171
7653
2003
7809
8108
8946
8249
11383
13848
9291
2960
8784
9293
91
942
1942
4615
1864
5953
6184
8638
116
14774
6790
8907
9469
99
6644
165
2871
12459
5806
14803
9176
10264
11880
7642
7781
2901
4395
14362
12164
3705
5787
4138
13888
13348
4623
13041
10707
4911
4405
15368
1430
7138
11276
11432
10796
254
7997
11246
3928
15043
15525
14052
2894
3794
1813
10181
1143
11204
7168
15235
1266
3234
6130
5488
15447
8910
9820
210
5029
5556
9267
12878
4273
1934
8872
5299
4527
6057
3837
8754
2102
7504
7707
6263
8392
12111
623
10431
10391
6075
12469
15430
10559
2597
14274
3015
2247
13881
2076
3723
10330
3835
2059
1967
7350
4648
2392
11805
3455
4550
12421
15052
3766
12793
9238
11302
713
8270
10106
6421
14802
6506
1495
9540
3836
7769
2359
12098
13408
14107
7637
578
3295
12423
4027
11170
2878
1356
3670
2404
5640
15610
6671
1371
2320
5687
6657
12939
5653
11224
13705
7615
5164
721
14353
13096
10818
6265
14243
12255
15619
2872
7234
426
3162
9135
12752
2640
2322
11652
1891
8618
4809
4760
14576
9009
4824
15255
1459
15563
15001
7919
8262
11031
12497
5908
2032
7239
12160
15253
1120
3434
8484
6097
8744
2430
486
2585
12214
1441
11611
15188
3697
7873
15571
3217
587
13644
12656
6810
12405
13440
5314
13527
7986
14941
11710
3435
9384
739
14656
11119
835
11629
12099
10835
15438
13969
5445
10170
4461
10665
7184
7456
6774
11875
8207
11619
6871
11663
5472
11643
1196
6316
1064
11194
3413
1055
5672
6662
12366
12249
10875
4943
4196
11153
11825
8698
10475
8346
6264
9632
2577
3687
1508
5045
8358
7882
2290
12671
12302
5055
3333
14391
6223
3465
1775
256
11304
2273
2145
4875
3190
10740
910
15475
2983
1231
1582
14048
14497
15239
2351
2910
12924
13346
14502
7369
1998
9610
13540
8067
9808
1726
6065
9829
10113
10090
679
7462
12086
6016
8848
2395
5197
14238
10403
7960
1755
10539
1502
13929
4313
9071
10234
3729
13034
10651
5039
11191
2256
13275
547
15644
8627
6200
10358
5201
15535
1326
5215
4759
5448
7924
13003
10410
1529
14041
9806
3597
15404
8432
11835
2835
9800
9822
13126
13374
1024
11522
11116
7354
15289
5720
9933
2487
11511
2899
4960
1826
10985
7118
6288
8503
8295
14777
15178
8775
11107
2777
9738
5290
10134
14055
892
11594
2586
7015
7575
8370
7231
10600
1586
8194
5064
1840
11442
2394
11462
3976
11464
14564
1550
5526
6572
528
9119
10296
2356
6768
9996
11048
370
838
4104
5289
8424
6371
5607
15562
5041
11175
3216
3891
8292
2571
792
8418
4895
14630
3719
4144
14464
10085
1772
8001
11996
3828
1306
4707
841
10462
9547
11552
644
10828
12886
579
7985
11156
10954
13484
9962
6163
3028
11668
4803
10639
1411
11853
5560
3826
10590
10285
1761
2538
2282
15297
11995
3189
1735
14263
4163
14006
13788
11678
3587
5914
11377
3934
11670
709
5072
15518
3168
41
9709
5482
12642
8894
12975
14385
10443
7645
13014
2523
5114
14172
10789
1336
6007
2346
7095
2639
7647
2279
2932
3113
6764
6244
12023
11781
8152
14033
14028
6511
13989
13829
8960
12579
9549
3341
1590
1089
10227
14209
15591
11184
9407
6732
8467
5144
2305
9244
6507
6737
6170
4590
7696
8506
9533
13261
9393
11716
13870
6909
4998
6630
12447
8702
2969
14977
10286
8972
1357
140
4513
10502
4946
8974
3688
4389
13729
3371
15395
3182
14407
13706
14352
9453
185
15640
14439
14821
2560
3847
6126
9094
8641
8222
9388
3935
3601
12079
2284
5622
135
6003
4066
10300
7629
7259
4343
3243
1122
15766
14591
11002
4240
2108
6939
9786
6968
5679
7063
11923
4411
14571
6143
11453
6725
6059
14261
3674
4586
2916
12337
4770
14308
3131
3863
3269
2075
14990
1202
12634
1197
3880
14978
12260
10979
9654
14592
14430
9725
10873
5499
4420
11408
2208
13804
384
6396
11590
5816
672
13247
11192
13988
14920
12795
15285
1138
2587
14060
1793
6876
13173
4342
3395
9787
10367
2147
13000
4830
651
3849
7551
452
10821
3535
11515
5749
11558
6773
7517
2308
2674
4193
3671
13965
13886
7335
5375
3695
10314
1083
14979
10839
10784
14614
2711
4185
290
7049
3199
14230
1417
4258
8884
13917
4628
12100
14185
7342
5911
7823
12799
5671
9155
10995
7976
8442
12919
5882
14836
14506
643
14447
10782
2984
850
11114
12125
9338
13757
4658
7452
588
14080
10437
11138
3369
330
13790
12526
15237
12072
957
5404
4659
15624
4503
11861
4921
2318
13061
4794
12494
14605
10374
483
15346
7206
14474
2504
7847
6367
3290
3002
569
13966
359
1885
3951
10283
11801
3802
3191
11009
1686
9260
11857
14695
6529
11228
1589
11278
6953
327
3793
15026
15005
7946
8366
9235
11258
2180
1930
5545
1481
14417
13101
10561
13392
4200
12805
9585
8252
13354
6349
13184
6727
779
5304
2168
2531
14834
15336
4874
7902
1497
1759
12743
6080
15123
12898
6385
5426
7178
9339
11773
11891
1319
12755
8495
13159
12143
10517
3970
6114
11603
13371
7105
6355
15078
6480
9845
15003
6431
4051
15390
7724
8520
9373
6513
6465
7014
7784
3006
15301
14572
3829
12303
14885
3920
5821
2442
6786
7944
13803
13379
1620
15126
12640
2144
549
13323
9045
14779
7411
7391
8538
5670
6527
3403
8809
4718
299
7778
8446
11994
13836
6847
874
13560
6133
11492
14604
9306
9923
3634
656
10614
13315
4370
15083
15547
12244
8066
3069
3932
1791
9143
2105
8288
5242
9721
13597
8779
9347
11879
1591
10943
3554
12101
11097
14
11740
8534
1063
15097
3780
13497
5553
3391
4041
6912
9152
12341
14753
12210
6488
11176
14517
3742
224
9789
697
10756
3474
6613
11026
15770
7135
15639
11758
6936
9256
12520
8867
11597
9139
1941
431
8650
2874
6693
4925
12568
8264
13121
5386
15041
9205
7108
6705
10050
8304
1300
4000
6189
633
9895
4040
6515
14484
5892
10143
9805
12230
14999
7004
15092
101
13572
5225
2349
6517
5360
7831
8472
6064
10507
12151
11942
11458
6681
720
4206
14370
12879
10819
4242
12751
11533
8991
825
5610
8507
347
15320
5753
971
5209
3065
15643
10362
15453
6459
5189
2397
14351
12504
8941
2023
10471
667
14341
3707
4266
13475
1472
9247
7445
8915
1697
7172
9561
903
12616
2125
3868
5677
13692
10729
11647
14366
11136
12773
5449
14146
6606
14427
9298
2924
197
7982
2216
12467
5601
6822
12403
8604
4142
4552
15077
5407
5228
15688
4167
5680
10902
2412
5414
8415
11971
12736
14035
2067
12994
14660
5146
2779
9020
11363
11336
8193
6211
1600
12814
3150
10697
1232
12630
8709
108
11679
11022
5047
2373
10197
2807
8075
12830
5718
1465
11688
2384
5463
5020
14545
8284
6347
9819
6605
160
1190
3196
11721
9500
9971
9203
10204
6643
2126
15429
10870
11323
15618
11830
14050
10862
4247
3542
115
10638
15434
12189
13769
2996
3566
6896
1757
7249
8241
9702
9254
12783
8082
9494
12532
14337
11059
3165
3841
5494
12768
7208
2060
2884
2550
10306
7062
1097
8078
5751
10321
10496
6305
6178
8661
10182
15130
5697
12803
1418
8397
11819
1422
11085
8281
6668
12516
2930
11105
7702
6237
2618
15139
145
5743
2561
1132
9914
4346
7215
6921
137
2379
3034
9124
13470
4873
5321
589
13794
8297
6181
12356
968
754
13864
6018
5579
8085
10230
6049
10076
11953
3319
7616
6295
1540
6994
12362
1655
6046
5618
5939
14610
2880
5750
2203
9287
10418
5261
6998
9266
6680
12785
3076
4669
13108
3393
14390
11367
485
15104
12571
2819
12647
2845
4367
15171
7662
9039
14895
9458
11792
2289
13383
9166
10504
9313
4813
6342
13756
8138
1995
4777
14687
11049
7
1555
6531
15677
9377
3437
366
6996
12402
3056
8590
14989
13585
1262
7263
3737
551
8064
1539
1795
4324
898
9240
2963
2490
2721
5596
2709
13956
11487
13075
11847
3977
3394
11275
11981
6216
2172
15593
164
4808
6650
5475
9229
14882
10863
248
11133
13699
10404
7825
14791
9647
3791
7664
8417
3212
2620
4716
74
5812
7994
9673
521
10692
7134
3619
3264
5226
9294
11648
13317
14207
731
1112
14617
7087
2934
6332
14305
2183
1684
9791
129
15596
2243
10628
13565
10652
5714
12909
3536
4710
9831
15207
2873
13905
5485
1525
10456
5614
5922
14345
7857
1017
461
2641
776
4857
11791
5175
4408
5905
10426
7387
15327
12048
5514
1168
9088
13325
14357
10275
7175
13097
2405
7416
10815
1010
6948
11854
117
10840
3273
323
15717
11247
8879
15096
6303
12039
12728
11826
13407
9770
13631
11615
7386
14601
10401
10554
10759
2391
15504
3609
5609
4734
7026
2747
6321
11390
15675
1303
14728
14316
3197
6597
9288
13909
861
2241
12109
7650
1159
6591
9034
518
1894
6900
756
6031
14059
2185
8482
4443
4909
15250
8452
3795
15328
12724
136
6961
14188
4512
10101
4020
15803
2385
6700
15641
8719
742
7035
81
13771
10371
3721
12530
4044
7603
13385
12609
12329
4145
7892
3513
5051
3962
8916
12885
1635
11871
1960
9741
4622
963
6804
9100
4067
1160
4155
8509
8224
6645
13412
14513
3462
1881
10402
8317
11118
11808
5776
11827
8537
15676
5567
5534
6004
13807
5112
4519
15778
9035
434
1348
10754
1956
2135
9315
1695
4692
10104
9902
6748
13118
6733
7143
3417
3930
14926
8457
7406
10741
7888
10975
12689
11077
11596
1628
11291
265
5592
2642
9593
11096
6379
5158
2234
15316
3568
11938
6618
4214
11560
9503
3487
14697
7839
10999
8179
3406
11149
524
1436
9441
11035
6155
10972
4013
8654
14860
10176
12180
3875
6932
15210
7549
12348
15133
11259
11391
14190
10119
9622
8192
7463
7183
6558
8059
4015
15728
3551
61
11495
4495
7312
6627
14853
8364
2698
14561
11467
13669
15277
14637
9394
7743
13997
8235
6330
4828
9713
7719
4932
15175
14933
12443
11718
3573
5655
2975
10857
3806
3364
14636
3562
11326
13689
12270
10097
11318
15796
9470
13822
8310
3360
4881
4317
8526
1577
10280
8624
8727
11335
9408
2650
11021
7266
10621
15573
8936
4182
13294
12577
5094
12545
663
12758
1929
1455
11213
9201
15392
11555
12962
3969
1218
2767
767
11244
1359
1022
14709
7055
8776
5142
8535
5277
8492
12330
7895
3816
5347
1205
11538
5166
5785
15659
872
10551
14883
6062
5815
3332
5841
7920
3238
10698
6849
7722
12089
6454
9427
14202
4176
9318
958
14009
10338
2030
15724
8973
13083
8393
637
11060
799
3690
3011
8957
14311
4632
3268
2582
4399
6926
8951
1470
1884
6624
1756
11842
15165
1014
3910
1302
8841
10140
4268
7648
5435
14865
9320
4486
541
1434
9617
9086
972
6878
2897
15249
5344
1520
1279
5476
13095
5509
10048
14110
6759
9061
7028
5552
5894
1358
6497
3419
14441
6322
4633
9615
14801
15394
7814
8935
9493
2013
9816
10940
11430
9545
13522
15706
11206
689
6944
8728
14555
2210
7114
3685
11795
14951
2225
14596
3091
12263
14603
14904
9855
12759
15366
5960
1678
994
984
7007
10087
396
4135
12061
11225
1605
14606
12179
9557
1179
3233
11356
1523
9645
10971
4091
14909
15053
10394
8665
5179
6610
11726
1828
13805
14161
9365
1258
11272
6857
11366
6569
3349
2423
10755
6596
6750
2751
10810
3392
3578
12444
2160
5721
855
2021
1866
3186
6910
9128
6843
124
13741
557
4589
12645
5557
5796
2181
166
14477
5867
4769
9745
9188
11694
1492
1410
14832
10095
201
9618
12811
13179
10794
1036
9002
4195
12612
8733
15414
11354
1743
6949
3855
7692
10949
4912
6137
11273
6846
15674
2518
6068
4634
4139
2313
4409
5300
15474
11550
564
3586
2439
15536
1918
15100
11502
3714
15205
8260
2701
2045
3646
12427
11743
5639
6688
1890
9611
936
5389
9424
6969
6486
11631
10617
10056
11498
8599
6113
10084
4737
15084
10620
3271
2832
7149
7582
3706
11131
9185
3713
1914
9435
862
11207
7725
15068
10833
6580
10068
14868
14036
6192
5985
4124
3830
9772
2027
13005
12761
15286
9336
2612
12146
2291
15407
8203
11632
7039
1107
7189
13707
8180
14778
15529
980
6844
4612
7947
11950
7568
15720
8273
11655
11447
14289
11528
15782
3715
9196
6707
14176
13306
4501
14848
3329
11361
5398
10871
14306
6778
14577
14378
15642
9059
14011
12760
12455
8124
10099
212
15440
15690
4788
15517
15457
9584
14406
6723
14790
6462
11316
15740
247
1738
15599
4472
13575
9265
2408
4036
14450
10715
7179
15603
12033
15781
10422
15788
13580
9274
12392
6364
10445
7064
14682
15331
9785
5676
9932
1141
8433
12311
4251
12564
844
10705
7610
10207
9542
3608
12319
5305
9695
12498
13595
1376
12698
9527
12288
3111
15454
5804
2462
13576
9483
9132
10250
11046
10763
4687
11348
11722
9151
2170
12317
12289
4099
9466
1467
11972
14710
1452
10377
2734
12764
15669
10898
8164
11856
10400
11496
1261
5564
14401
11523
5312
5838
14528
11554
15061
11845
2583
5183
8924
11698
386
12902
6802
10361
1403
14765
3119
15231
4766
11292
4588
63
5887
4741
13389
5132
14567
8030
14367
13178
11489
1646
14875
12042
3427
7676
13962
9093
15745
9279
2004
14468
15201
242
3210
11475
7907
12985
3598
213
2646
15215
5387
2455
921
9517
11007
7040
10461
7153
9089
3549
13690
10672
399
6360
14317
9182
7777
6781
8889
10478
12970
13813
10001
2879
507
8219
10015
5140
6055
12112
13258
2418
9043
13500
10714
4126
12519
10527
15206
15024
2842
4506
8110
3088
15501
1298
3800
3207
8761
5470
3105
8579
2281
15073
4829
15793
11893
2390
10673
7779
10370
7487
4334
5807
3224
2766
14635
7192
1133
10580
11578
10724
3138
9655
11067
6477
5334
7109
13590
9762
10319
9605
2402
8450
6121
1669
3127
6412
856
11233
10602
15278
12820
13462
15081
14788
3458
3680
9187
13107
1733
6452
1325
13425
14645
831
9180
2630
10583
9763
6199
3779
11381
4595
8201
6631
4446
10424
7516
5274
13654
15051
5233
4197
15363
2581
10699
14608
11564
13643
2458
6451
7604
807
6005
14995
14643
6510
15128
11654
15208
11778
14421
15271
10091
1637
3787
11759
12767
3903
5603
3726
8516
7749
1384
15746
9913
5419
13183
1710
87
8042
15120
6190
13088
13037
1512
12226
4762
8021
3940
14251
11964
15151
12474
1480
2978
225
12626
2576
11744
6839
1790
14762
12597
1971
6518
3614
11962
1895
7288
13224
1135
3444
3407
2365
8816
10007
6032
15311
4852
4107
15270
8893
11838
2795
3443
10137
15585
14483
3482
4877
7527
6735
11897
2982
6145
5317
565
11720
11441
13883
15374
10473
8763
2512
9363
15405
10968
14934
14891
1078
9036
10585
13588
3215
7959
8561
10003
5732
13662
14537
14536
13724
9792
9027
7338
11468
317
2195
2831
14858
7003
9158
10241
10205
529
848
8471
5130
3307
7772
531
14855
5688
4093
1128
4535
14833
10086
5316
9796
5830
14183
2167
96
1696
1771
14634
2757
10335
7044
3952
13703
2716
9023
4548
1899
2366
6856
9419
13502
15341
9491
2251
6930
8691
10543
1332
9993
12794
9828
8738
13566
7142
11051
3029
944
15040
5856
1369
12718
8283
5223
14757
13760
5363
13403
5329
11620
5921
10805
15704
7327
14522
28
14446
12596
3842
13345
15695
8718
5391
2266
1576
4096
4516
7137
10750
8211
1233
6734
1672
15137
14680
9907
6083
9323
10339
11265
9635
2361
7933
7050
6186
676
12936
1180
6584
6669
3450
7728
3402
445
5110
12261
1583
6235
7799
12295
7287
13133
6225
14381
1299
1076
10850
14500
737
12002
9246
14607
14070
2524
1073
7162
3232
3666
14200
15546
10798
11510
8540
11297
3984
12618
2593
6741
11108
9586
10604
4162
7862
9502
14363
7418
12064
8851
8731
13004
7036
5306
9614
12614
8707
1491
14910
10696
42
7110
4940
14106
7828
5786
9929
14271
7605
9612
10248
5205
5033
13024
5059
13028
9967
7686
8676
2331
12654
7581
5057
912
8175
12021
1609
8545
10421
12170
11365
8919
11896
13263
8268
14113
12845
14896
1717
9516
5885
8962
12070
9172
7667
13830
15513
6549
647
9771
15668
4284
6118
817
10814
13875
3692
8114
6854
3022
3317
12756
13922
4677
14943
7678
10861
5505
7660
10379
13974
7115
5576
9563
2
5227
13887
9716
15715
9312
15009
15102
15162
5713
8886
7925
12113
10093
4997
5851
3342
3583
14369
15182
15295
13049
9501
14431
11659
7201
5243
14835
15771
8517
12282
14459
11746
9278
14365
12358
8465
3447
3854
4703
487
12863
7415
6990
3904
607
15777
14350
12031
9436
7584
13902
11575
14360
6343
4491
3702
14906
12147
3180
6067
12490
14771
13032
14558
3211
6006
6514
14194
8643
7901
5757
7443
6628
8086
1877
1641
404
13796
10059
13488
8230
8486
10223
10467
2324
7530
3047
12229
1531
6938
5976
6041
1889
5602
14184
9398
9797
2236
204
393
8188
5107
15046
3315
12055
2119
2283
1524
9531
12372
15533
13069
4583
12475
977
15132
2775
10054
14770
10831
4028
4391
605
4150
5554
6439
937
12707
834
3678
11314
11809
2610
8987
12502
6665
13053
4509
6339
4169
1165
9175
207
8819
14516
12922
3038
6441
5949
1435
2276
2702
6418
9237
11251
15142
2374
4327
156
7845
14149
14135
12533
3469
3552
5155
1729
10262
7236
6598
11576
13814
9450
1102
15159
6522
14489
6131
10360
7139
15785
4294
3694
4776
2875
13821
12257
14952
2220
11056
8208
2245
7983
14327
14780
5543
8101
11428
2383
20
5881
13007
14557
13401
10442
3174
1228
10792
7526
8554
3356
13743
10189
6201
3744
198
12954
13335
13236
8726
9846
1566
10305
4888
6782
2676
9431
4029
1111
9810
6393
8225
6161
1835
13193
12557
6108
267
3310
14670
11142
2352
12267
14519
5877
5981
2973
5665
1292
8098
13933
1093
15471
4699
13059
2152
12770
3919
11717
1521
7000
7879
7047
7250
9197
3420
2596
5689
15506
9989
10804
15464
527
9262
814
10817
10769
5168
14300
14544
4226
5950
15010
9090
3945
9853
5381
1383
2623
12782
3291
9374
13594
5100
7835
3844
13827
14662
15169
4500
2017
3986
15437
13250
1961
3733
12828
9711
11724
743
11939
2115
1484
8483
7422
14588
13945
14241
12092
7571
13659
6745
15023
17
190
11585
10292
4701
3136
1477
3888
10605
12237
4613
2908
719
11525
15322
3760
14542
9984
12692
11001
5465
2368
9133
9920
3183
7834
6425
10152
9938
4539
9529
15693
7956
4549
6828
12187
13890
3541
2338
6289
14698
15544
15556
15621
12643
12414
3491
3701
13852
7673
14690
9927
6526
8125
1944
3267
2123
4012
13207
10528
1204
8932
14507
8858
10233
419
4459
392
7382
1103
842
14218
3588
13106
9671
7968
3382
11691
4639
5731
13737
13739
4492
11547
9963
11569
12197
8440
992
15243
4323
11604
6475
11624
8420
14897
6523
43
2457
5530
1181
7573
7536
7896
13201
1322
1588
1117
2267
15007
4467
12754
13312
2083
7768
4806
13188
15082
3902
917
3840
12411
11257
1804
5413
4746
1659
7161
11197
6819
1211
6338
2625
1081
4435
2323
11261
11236
6623
14486
7601
4505
4876
13347
2809
10495
6806
1638
13640
12659
304
10011
13048
9782
5497
14922
5378
2922
12600
14237
9136
12305
11333
7021
8720
1104
7352
2467
1514
15499
15743
5988
6860
9181
13552
10623
11960
5291
9471
15804
13581
6629
106
5244
3414
14022
11238
5684
4786
4749
6890
6760
8680
14959
14425
14573
14627
214
11977
2739
4463
7618
8799
6280
13543
13866
4269
1716
6301
15661
11794
2700
3439
4636
7433
8019
8245
3019
14586
12323
8649
4488
9768
3340
11163
14704
7221
10736
13226
2214
11307
5582
3870
3576
5369
348
5447
3557
11497
1397
11301
7531
10155
13797
10562
8740
3662
13066
9676
7655
13551
257
7283
10824
3933
5778
8223
12772
15797
15411
9515
7617
8186
7688
14869
6747
12917
12391
9638
13518
2970
7439
12542
9222
15478
13492
13264
13529
9224
15727
4616
931
1610
7132
3116
15551
4681
12929
5762
1217
1977
7848
2935
5077
9258
13688
6915
7606
9633
5873
3653
236
13795
997
6713
6091
5271
10774
6879
3270
13291
775
2224
13474
5247
15251
13955
5984
12986
4454
1870
4904
6149
14479
4742
14804
7858
9335
5711
15111
11676
7465
3814
15611
979
8646
3331
2510
2886
4582
9863
5994
6401
4170
8
1048
10739
15605
6729
1229
13593
9663
1862
8165
15714
6230
4152
7883
928
15042
6112
2148
13672
7953
14082
1363
4373
11928
5540
1051
363
5370
14023
4584
6354
3942
12535
7075
13073
3496
13132
15158
13411
13663
7396
10291
13778
6469
12416
10349
13973
1034
11195
5777
7388
5667
2260
14786
5746
11196
10728
14814
5897
6107
7394
12209
8556
11044
15463
14550
11416
2428
7937
9921
12955
6568
6746
7918
9627
5143
1988
12816
15035
2398
11298
11465
10220
7446
3157
387
361
12227
10271
666
6427
15245
13838
10990
3512
7640
15684
15559
8034
14857
5129
14712
2657
6997
14112
11763
11036
2690
12620
15574
5122
13205
4523
12400
5260
14840
7417
2778
2271
14633
7945
2580
1545
5245
6499
868
2609
6820
7842
5936
14315
853
10829
13045
14570
642
3177
610
9372
9345
13970
12407
9548
3639
13755
9106
6609
14204
9576
655
15729
8296
7595
5180
8455
1992
1173
15608
8093
1937
752
15683
15124
9505
11627
13702
5249
5819
12001
8228
12838
15502
2350
8568
6536
8587
1082
12129
3565
9319
4607
9807
12518
3077
10901
3898
12554
11738
7622
1917
9883
8105
15345
7579
12891
5918
15484
8887
10331
7800
2499
8480
14081
4939
1689
8129
7343
3172
4962
2031
7409
4640
4117
5595
4360
13884
9228
10125
11162
1541
5133
11243
6484
13935
2900
14117
3287
14220
14157
10601
7297
1129
13103
8963
6911
9001
12861
2768
2196
13882
2718
14730
9314
14322
1462
15583
4469
1703
3321
1493
15319
15344
5520
5587
6293
10557
10340
11281
8792
3169
11557
14968
9357
8961
955
9000
3337
1475
10952
6096
3971
12062
14787
60
1861
6060
5969
8041
2217
6317
11115
14877
11169
4274
9900
12527
11434
12221
4381
11078
4774
824
710
6103
12318
9714
1683
10948
7082
5789
10864
7238
13046
12997
15731
10903
705
2850
6999
3621
170
3446
6399
8758
12142
13122
4259
7545
5083
4088
7246
9230
10025
9422
10327
3055
15678
9369
12511
14141
11104
10945
9391
8330
15324
10896
15689
13506
3206
2476
553
10503
12309
13038
550
4089
12544
12893
11455
9644
14733
570
13623
1486
1251
10299
5451
8806
12175
8817
3325
15809
2915
13214
13022
10151
1989
7070
5238
15131
9474
9726
14288
14109
4191
12933
15752
8513
4719
15145
3505
8845
2473
15180
10265
4147
2312
15791
10266
7808
2274
6159
5650
3275
4698
8927
8721
14031
3497
11063
15772
13799
7962
7747
1230
1816
12710
6600
13903
13036
8139
5931
1705
13913
9389
2016
6363
1841
6907
7827
8815
803
13791
12991
15476
15469
5572
12357
5659
9980
15103
5857
9861
3939
1624
2080
8995
14929
7813
4646
13877
15121
1909
12968
2175
2927
9847
15702
11478
11982
11915
15557
2092
3152
15615
14210
1994
5311
10000
2116
1479
12152
3367
8112
3154
7011
8657
12709
10477
13528
4991
15487
4237
8713
9096
11949
11385
14960
7233
7148
13352
10351
12340
12664
1832
13602
12903
9452
14816
10354
7867
14768
15161
6777
4569
6051
12027
12304
7912
3130
15194
6972
1910
12539
7379
13213
13938
13311
11599
3117
4563
6183
314
7898
2506
1137
11113
5333
14415
9337
8636
6489
11869
111
4728
10691
1373
13409
2191
311
8261
6981
4554
1043
15071
4110
1066
15446
14186
5319
3776
15173
2938
6038
3531
10200
10263
10659
10157
5402
15185
8625
14335
13199
3775
13098
4427
7413
4858
9658
6914
458
12865
4643
13413
8210
15712
8868
1533
13210
9512
46
12918
1222
3024
2705
847
6894
15018
376
4961
14574
420
13077
11470
9340
9946
8701
11723
10737
12371
12854
1715
9908
12449
5896
14624
5013
5575
1559
13499
4518
3089
6164
7661
8388
10120
12601
11226
3159
10047
1316
4207
10386
10581
14347
9693
3948
15248
11150
15379
13465
12276
3527
12998
5854
7698
8344
4410
11902
12207
10480
12940
1004
367
11591
14438
8274
2343
4442
5508
4864
13067
4375
13271
4916
14575
8933
127
8772
13869
10022
1905
6873
8737
6044
574
8063
4601
4787
2112
9573
1194
5801
584
8220
10565
2024
14671
2628
7878
4218
1912
11580
10879
9356
13400
15066
4765
14659
7663
6718
1013
6983
13047
3613
9821
1851
10734
13104
2584
10770
13318
11789
8454
10069
13521
1984
5009
10965
3104
12313
1058
12952
12984
6014
7223
11203
15059
7378
712
5336
9218
8694
3560
7726
8473
5853
14993
3645
7574
3370
6374
4818
7874
12806
2265
552
7038
12254
4856
14074
7447
13206
7657
6670
7284
7295
15514
661
1085
1563
11696
5087
15582
5307
2043
6017
10112
9097
13326
9264
12082
9589
7193
9108
6074
14958
6037
10843
13648
8811
2814
1243
8544
8173
6390
1915
11549
13548
9395
6918
5048
10088
2548
2656
575
9935
7570
9063
13891
15238
9444
13303
13693
5645
2057
13252
11086
8458
10122
8684
11317
6641
2981
10209
12780
11623
3914
7734
15060
14444
5073
15637
5613
15679
9397
12781
1552
14795
2141
7846
10409
14162
11757
13539
14732
730
14170
6546
3669
1546
249
13249
1939
794
196
961
8439
12461
5531
13468
5279
24
6587
8443
13636
9909
8856
4238
11208
5032
8349
414
14940
14644
11409
612
2345
3045
13070
13835
3922
3691
15638
13619
468
8989
14553
4430
6476
8204
8755
8282
4252
14125
13349
2508
14371
11866
3665
8790
7836
4758
4983
12024
13427
10688
9851
4745
3225
13651
3596
14756
12429
513
13237
902
6509
14720
6519
11728
2130
5571
6076
14748
1691
9289
4042
9455
9521
8502
15522
6702
1460
15149
1721
4285
4043
11927
11111
7861
13770
13378
1614
9162
8842
2194
13958
12316
888
13153
8959
2376
4374
8793
14292
14408
12996
6460
7987
1183
8094
8462
6660
6334
15155
6035
8785
11373
15802
12250
13924
12737
8200
14223
517
5948
12245
15477
3408
13381
2186
14702
2525
3530
10541
8965
14235
5286
5978
12796
4386
5901
2008
3872
11600
3079
13901
10676
15002
7627
3923
15021
12735
13779
12165
13976
10765
9778
15609
4111
11732
10455
3330
14949
13353
6861
2782
6581
13177
4385
3179
6381
10953
9069
9
5062
7207
920
8327
5733
8026
12784
9916
498
7016
5403
5165
14079
6245
15699
6071
2226
3682
3886
2852
12633
4079
14988
12673
6642
14279
2955
14027
13262
6473
727
15218
6253
5005
9149
10121
14532
8097
10920
3322
3839
1557
4262
2951
2759
3222
13507
15075
12297
8703
2949
13975
15
8672
3114
287
14727
9429
5767
7140
11082
182
798
69
15038
5023
9750
8023
2146
2268
13899
13282
10290
15698
9891
4606
2252
13615
342
13777
3911
5210
1140
3345
624
11788
10211
13508
10626
14097
8736
4260
3351
7840
6331
2918
4468
12114
13496
15269
12102
13999
13163
1203
11719
11749
11112
5898
12901
12291
12808
11050
8161
9095
14354
6209
6832
7564
1666
217
6323
8120
717
10282
2801
4209
5900
832
13849
5568
8028
12651
2791
9257
14387
3010
14268
12153
805
14037
6755
12034
9371
14862
128
3618
15767
4899
4567
2215
9184
4329
1723
11174
12589
945
10921
12117
5855
1123
5756
11008
2334
9898
7503
8823
1949
296
9844
14937
10573
13442
13302
5544
15658
2230
6483
4122
6092
2637
9649
5952
11947
943
8237
15114
4674
11562
5726
10994
10996
6836
6906
12225
15028
14465
13573
6010
4835
2244
2254
14257
9710
14405
13
10713
118
13308
12958
13487
9886
2805
952
1037
11737
3248
2761
2446
7730
3338
8770
9559
6616
8185
11412
15276
10434
505
14339
9643
3704
10493
4964
15734
7744
12941
11140
4775
9590
14273
7974
2355
3584
15179
1916
9018
3277
6446
3980
11346
8857
5268
7671
2713
15019
1812
10045
11500
11054
9742
8840
8316
14160
8137
10107
5393
10853
9857
13481
9588
15090
473
9003
5656
8136
12028
6853
10827
10236
11895
1649
7330
12133
14971
7112
7475
811
12807
4095
4103
8070
343
4679
7267
7442
7482
15072
15486
4982
15274
11931
13467
2914
13463
10505
4772
14859
10657
3063
11628
4974
12977
11386
5861
1278
5498
1760
15656
15473
15570
7897
13078
10625
3636
15261
14616
10694
12499
1931
56
3752
14101
7311
10775
4221
12058
11161
9383
2513
469
8921
7165
7012
4092
4328
13923
5799
6730
4115
11384
4602
7521
9082
568
14703
8497
11214
11235
15152
2589
10132
14208
10726
13613
12711
5937
4171
10187
12442
9225
10767
8759
1999
4116
8491
3788
5895
12123
12231
13831
12460
12584
2480
3650
12154
12119
11147
15614
12076
10243
14496
15004
15294
14827
14086
8426
2868
7780
13456
9053
7635
6029
15195
5632
10516
12501
3397
7770
10161
10655
11768
3805
14539
14981
3129
13678
211
12847
4672
3635
4436
6571
15181
15027
985
9928
7156
11374
9623
10450
7240
10518
13911
12818
8527
7248
2789
15317
11803
4528
4729
11673
13127
7762
769
7001
10513
13841
4837
6852
7496
6721
1876
9354
5091
12699
5084
1504
2416
1927
12622
1651
7684
325
4637
13387
13538
13635
8227
14672
14745
3555
9066
13299
7934
1679
6117
8752
4364
10913
3102
1722
1913
5172
13429
3648
4958
3249
9945
3140
5987
14872
9006
15465
10589
3436
8945
14419
11389
14527
2319
1227
13418
1030
14696
3807
11084
4594
1071
7468
2073
13018
12843
9690
2825
11774
7557
6069
1849
9757
15760
614
10641
9982
9684
789
9005
7309
11102
12188
12472
11180
14295
11588
10109
6508
11786
11452
6260
9570
537
7005
7490
781
10229
3459
1427
13691
13937
5533
14625
14199
11123
7277
8279
13131
7602
556
14955
1458
9017
6653
8328
2481
13063
11237
12538
8601
11855
14069
1602
5878
5845
939
3239
10886
9386
8002
7507
14534
6154
9121
5207
6336
10309
501
14679
6573
6084
14518
1277
3514
10295
2103
12666
10825
14887
3668
1980
13726
10834
815
7373
5046
2703
2413
13421
14975
8053
5467
15391
6722
2912
7204
2511
7755
7563
12594
846
13982
14905
2449
12563
7855
7158
9660
8715
8659
4154
9348
14531
4025
8977
276
6271
13281
3409
14389
1136
12157
10023
15093
10938
9153
14842
8653
9207
4996
13202
8294
12971
3320
1389
14964
3672
1595
3786
13612
7431
13369
14435
14373
10254
13134
11729
10043
4702
1498
11832
3355
728
8429
11045
9202
10735
8400
7695
10532
7398
10555
11662
6116
15718
7832
10732
3054
7176
13584
14686
14931
273
9888
13893
1296
4
2671
12401
2381
5783
14463
13050
11926
295
2631
13228
8519
11864
1774
14469
9567
3027
10382
8908
11256
4316
5682
15415
4872
15428
12450
8342
10591
10269
8511
6528
6378
4205
10212
12741
13065
1935
5437
15406
10457
13531
2344
8664
11313
11471
11579
14509
6691
4695
6185
14894
6105
5420
14512
11602
1041
13510
13834
4947
2904
770
14870
7344
4739
13930
6307
7262
14440
1253
4865
6466
12877
7625
1551
6980
12310
12432
13577
4785
11777
5417
2326
5293
12235
13972
5229
2750
4619
11884
2419
10096
15030
916
6541
981
6153
7890
8329
9157
9430
7080
4536
7906
601
8387
5006
9670
10643
4127
14287
6392
2661
15264
10989
9120
1031
59
10117
12631
9550
6789
11748
1670
8958
9487
12436
6472
3675
7286
8655
11427
14325
4924
11160
13732
2078
9102
5906
3657
4447
4433
13840
6087
8645
6146
11282
12868
5982
11752
10313
2360
15410
11687
1906
9261
7544
4480
3833
8309
5115
12277
3637
4526
14755
3410
12976
400
2895
4887
12069
9974
9056
13170
8006
11460
10525
13684
3769
15321
12009
3895
10742
14413
15376
14437
3145
8307
9297
5600
11551
13906
12606
9113
12874
6862
2847
12205
12677
8376
13645
10004
5266
15224
5604
6991
5963
5889
7737
2526
6594
11134
908
5581
6429
576
10486
8311
9480
11342
12512
15541
11839
13855
7889
6147
2120
7322
7498
2686
13268
2382
7593
4869
863
15378
14879
6052
2660
5049
2950
13171
3106
12222
8814
8533
13420
2762
1970
6233
11747
585
7130
3308
6383
8368
3143
7222
9879
15564
5153
11653
12745
11319
11992
13181
6341
10722
5301
13223
4358
1794
10550
4292
12582
8149
3452
3838
1259
12059
12819
6292
4840
14284
7174
5910
12375
5323
3770
9591
8992
6970
3518
13783
10933
1667
6078
14773
8529
10780
14285
3937
3097
9783
11474
9112
9116
15326
10969
11433
3257
13430
7759
4804
11650
970
2347
5294
8487
11986
1049
9268
14594
11529
4689
11016
13406
7833
2653
12335
7596
4967
13120
14902
10700
3500
9290
2519
14815
5384
13617
9885
3862
2678
6056
7093
7995
15762
8419
11271
6456
6373
2741
7367
1920
3376
2877
8571
11769
7006
5739
5024
11616
10885
5196
3300
7851
2403
15275
15808
8828
442
4402
9706
14068
11878
3784
5352
5929
9409
1192
13071
777
2295
12558
13519
14781
8574
12162
3453
8463
14147
10485
1819
6897
11644
4140
4667
5136
14392
14714
11417
9040
13232
497
3730
9646
13960
6767
9878
15626
7893
12611
10051
15089
3610
13587
4629
382
14950
332
8197
10046
14498
5254
8637
12827
2681
15647
344
13977
3073
13372
9451
2537
14260
652
10509
15730
13090
13859
14524
8111
12684
15246
7473
8141
1829
191
8508
2212
9028
5577
6537
11334
13415
11978
11349
9899
3396
5434
1244
11264
4045
1337
14424
1380
2262
7357
4927
13166
176
11572
9839
6766
15759
7672
6877
13473
8389
5808
7042
6020
2221
6640
10888
8459
3896
14364
13782
14538
3624
7150
6675
14917
3989
15236
2985
8115
15601
5479
14535
2162
10405
15425
12864
13025
12862
4848
5646
9843
316
146
3493
12046
6711
9917
8045
13818
11867
15461
693
4065
10183
10579
12937
8003
10868
15763
4935
2091
8807
73
6422
10687
2552
1924
3941
6213
2882
11309
341
3686
416
13044
3372
10982
13953
2029
15134
8628
14822
11499
12791
9824
1945
14244
8648
12083
11507
9535
14049
7765
2468
5764
6464
8315
15112
1466
8466
13162
6952
13898
8168
12688
10629
7971
10793
9016
10781
10328
12669
4676
10259
9558
1573
13951
11943
154
2317
736
10500
9304
15234
2400
13362
5235
10221
3078
5708
8156
2336
10776
5288
12826
11521
6940
5800
15739
6365
12832
15148
13332
15539
12106
10848
5421
12858
2182
1294
13618
5627
13343
13256
4341
12478
7008
1271
94
11061
6313
4303
9906
2799
1754
11806
15117
4894
12602
6120
4557
3202
14494
3558
7013
10476
9815
3476
4335
15623
4291
9780
13854
5440
6687
10937
4106
2621
3767
11154
4332
10786
5374
4198
11767
15754
3781
7905
14681
14134
9216
11661
2737
9809
15143
3126
869
194
3424
2054
15748
7541
6063
6963
4963
8688
4063
13390
2855
5516
220
3901
5273
12378
3817
8217
10524
13008
13180
669
4383
10636
14725
6255
5870
4585
11020
7226
15532
12912
3906
15648
10889
14734
7392
7991
886
1001
12932
10042
10448
7088
12056
5769
4011
8011
8825
1736
12732
7027
9525
10596
8408
8955
8706
5377
4859
12507
2494
15233
4460
7679
15485
7554
14913
8453
15594
9057
1419
2187
1016
1632
14503
2375
11193
5043
5549
2193
13907
15025
10748
12292
15388
13380
14233
12259
12394
10980
11840
12398
9892
5399
5149
8705
11023
5182
5761
5211
6835
7607
14475
11885
12134
677
372
9936
9912
8791
15272
8748
11593
11109
14783
5104
15757
13980
11952
9437
12910
12445
1226
15287
10293
1177
3528
660
9055
1938
1599
2998
11267
15008
13992
8836
4597
11924
14811
1561
6502
12628
11322
15586
1645
13872
13215
11741
9083
4487
6329
9242
13273
11816
10658
14462
14133
9539
7116
13105
8978
9421
2706
5657
3659
8091
13092
13764
14046
8613
9478
7449
13871
11437
682
3314
7173
1606
13904
11005
10406
8697
5109
15667
15581
14597
9575
1547
9642
8276
3881
5744
2128
8314
15747
6803
13766
6175
6141
9024
6920
4009
6947
9678
2259
9350
11818
13466
6101
11141
13944
2280
12300
14523
5636
5170
402
10680
3051
2434
11368
8047
14116
14083
15136
14089
2300
5163
7457
14965
490
3711
4275
4889
12801
2785
11449
8827
2574
2668
12657
5241
15508
2285
723
12047
15436
14808
11706
307
9477
2249
6715
4212
2710
2941
2684
8573
7682
12328
6775
5408
15713
3099
14001
15380
14890
3303
14321
1965
15784
3495
12424
9243
13751
15633
5926
4056
2110
9044
2861
4682
3081
2342
7613
7453
15634
11011
10413
3305
8135
5834
14723
5490
1604
14065
7472
13698
9934
10196
10936
5802
12729
13112
12894
279
15166
12841
12550
9941
8153
3192
13144
15597
13489
619
2232
8909
14684
11686
4048
7562
2588
833
4721
1634
8832
7938
6795
4812
14242
4003
11677
5829
3959
14914
6834
5504
788
14203
6098
15810
11945
6626
11431
11841
8751
12071
8043
7159
9302
293
8742
11581
10238
5907
7285
13289
12948
8518
4125
14303
2431
2406
15625
7164
9983
8983
2563
12130
8184
15498
5428
13868
14124
12821
12983
13713
4450
7412
9206
8174
2730
12274
11524
15191
5780
1880
1603
3605
9978
15646
8122
13055
7225
11607
11849
6512
15015
7348
2492
9281
2635
15240
12848
1568
3599
15095
8852
4359
5702
14838
12960
2607
6054
1846
2188
12370
6824
4309
10900
12397
3611
5410
15776
3378
4999
5487
2233
7067
15691
14866
58
5287
1810
12515
1463
11701
2137
13441
6805
15800
8805
13555
6524
10184
12041
15758
15144
10572
4934
12697
12569
8753
3057
3820
5790
3204
5562
4562
2823
15219
3801
13355
14476
3489
9245
10594
14750
13730
7500
1050
14945
2451
2553
4119
11300
8375
12121
13987
12513
10653
8514
13646
3811
9484
5021
6720
6214
9405
2505
7700
3118
2444
8025
7432
6845
8612
5674
7923
13744
14054
782
12035
14668
4959
13253
13175
10645
7186
1718
13910
8145
15711
10727
7785
3997
4654
5340
7709
12095
11250
2888
15022
7964
6744
9866
662
975
4414
907
13265
9764
8146
4973
10773
1748
3658
4712
10611
4439
375
9382
2599
15216
477
7641
250
8020
3827
13448
2720
1565
253
10055
10846
11742
13793
10675
1442
10178
9263
10449
14377
9659
1673
14651
11754
15412
10347
2837
2605
8600
8190
4660
5346
13516
252
11548
13665
1225
12713
10925
13140
1519
9052
14792
15309
10171
5716
3519
2501
9417
5198
14493
10346
9727
7877
12623
13376
4165
14924
7553
9998
12211
6601
8830
1174
12870
2551
6254
9011
283
4223
3132
13136
9070
6583
2729
10472
3463
11378
1886
3998
4568
11040
243
5899
3327
14453
8575
15058
13876
3753
13428
3764
13514
12496
645
272
2614
15397
8060
6986
14269
15141
15135
4400
1323
10425
13524
14290
10133
15560
8903
4069
15265
5868
5
4419
2081
12763
3366
10743
13230
226
10057
2258
2046
5666
7461
13172
15592
9118
6002
8448
12491
14598
14301
4068
4587
4507
11782
1413
13013
5700
5740
4179
13530
10578
8099
326
13082
11013
4397
2672
7866
900
821
7711
10153
3470
13772
9904
1575
10799
3595
15761
14057
12381
4641
11592
6532
14324
2731
5145
14085
9893
2976
2740
5710
7351
15343
3231
5977
10684
7990
13846
14402
13446
77
10208
1543
8008
8693
2800
4823
8068
12091
6205
10584
13248
11285
4038
14179
4900
14058
11543
5652
12905
1273
14501
13610
13021
3361
3000
2980
15119
3208
13709
8142
13686
13102
10499
2829
9170
5599
6913
8899
8635
15577
3503
8055
3227
3261
14100
6796
7652
12555
7056
15590
4161
7559
4058
653
6444
6928
5999
8004
3306
8037
3044
10198
15307
11957
12959
10348
8176
9986
11058
1535
14664
2541
12253
1263
7916
5866
750
84
12463
11043
14976
11290
131
9030
15635
13808
6941
7548
264
13687
13182
8528
2483
13023
9208
12032
15622
9922
3516
13161
9226
1343
6042
15755
3087
12525
12477
1318
4968
8619
2321
11394
2007
10856
12486
14970
9587
665
186
4851
10344
7876
15284
7375
12379
3502
6563
7300
9465
2389
5117
7400
8231
8970
11796
5630
5503
1157
545
13616
6239
13845
10511
3353
5880
15079
1768
9752
14040
8769
14144
2493
10553
1907
6614
4965
10678
6779
6389
11541
8696
14151
7917
6410
13759
1047
12562
4136
2659
10380
3181
1510
8994
12242
5188
7822
12281
3947
8922
12897
3987
15448
5620
4148
3411
10098
2598
14191
14809
482
12825
3798
7097
15723
391
7479
9926
8476
11155
8928
13246
11173
13064
6771
4673
8660
7488
15109
14688
12993
270
12813
9492
11037
520
11963
12598
8678
6663
9147
7592
1100
11512
1321
12321
13880
8964
9753
4750
10521
11666
3915
11639
8345
14873
8605
1580
563
15209
11402
9432
3481
15050
12363
10540
15455
3153
8391
8735
6073
6567
6366
12943
7914
5565
11369
13026
8767
911
4680
6905
2862
14342
8542
7511
10008
1630
12849
4098
4625
10129
11730
2292
8040
9960
8474
4691
12549
495
3468
12578
9592
345
13653
1198
1106
5827
14222
4843
2461
2014
13454
12931
15168
15387
6738
206
2469
12648
10310
3125
3042
1220
102
6492
10267
6384
2917
9583
3771
1200
9415
8157
6386
4608
10014
11339
1824
3235
2697
3574
7019
582
6883
7128
29
9253
6902
7884
10597
11565
11657
15364
8583
695
6308
1936
7843
15620
11985
13142
3999
13431
13964
6352
10298
9814
13634
6703
8685
1401
12641
6792
12493
15496
7519
13111
1347
4261
10343
5066
4046
10438
6769
6816
8027
9677
230
14752
489
1503
12690
6000
5267
4338
15721
11793
13862
8005
4604
3913
9818
10877
2055
1983
11843
11351
4933
6358
12003
6679
12359
9613
1808
1074
15339
11951
12145
7292
9273
11532
7403
13915
14090
180
5224
474
7307
5507
7395
10689
15400
5957
13109
13971
15101
14275
7590
7701
2064
14699
6208
3622
893
11785
1741
13360
13438
9761
9979
13477
10497
9955
10607
112
14729
5162
8725
14583
6955
4394
4190
5703
9755
15094
12108
5741
2420
14585
3974
11052
294
9007
3499
13994
1652
5423
10186
11817
3978
14002
11388
7426
10407
12560
751
1488
13747
4061
14400
8969
8863
7669
7774
9858
7333
11807
9553
14918
4763
12514
3604
9667
694
9881
7243
6984
2151
7282
2158
1224
11692
10188
10452
1392
14685
6505
6821
12662
15516
12888
8891
3709
4670
9999
8988
5337
13209
5541
7786
2977
6458
14742
8013
6494
6619
6346
10094
12195
395
5128
7486
11454
664
14175
2035
14563
4457
9552
13501
2427
10131
14156
3994
2421
9870
8248
3520
15807
5924
9719
1060
10801
613
13718
4767
5022
5524
10872
10631
14948
5263
15037
12495
4453
10987
14297
15417
11633
12567
10365
12774
5525
7293
12287
4254
9704
5648
4733
7865
4035
11531
9890
2414
14919
499
3490
12665
11148
3280
7795
8756
155
15670
10440
9985
2867
11493
4987
6100
15673
14847
5860
14227
15657
14892
15509
15036
1874
1806
8581
6095
10926
15780
4128
3823
1131
8320
5218
125
5459
10939
13579
8431
13925
7152
10690
1223
5276
12192
918
13517
11091
8354
5248
3278
12326
9729
9865
11220
8272
5826
10111
5246
11586
1314
9640
9717
14736
11753
6370
12385
8669
13776
13072
4751
6931
6604
15386
14276
3492
1562
10918
3245
787
9988
14291
2527
9995
1688
15580
7328
383
6801
13357
15080
6717
262
13857
10210
15490
4037
2643
10074
15636
15707
11057
1015
10704
7922
12570
10547
5502
13189
3585
1105
4914
11983
8189
11779
4462
8209
4988
463
14997
2603
10807
9607
5706
1742
2039
4429
5000
4861
14466
3259
3068
8565
11630
9708
15361
5707
1247
8651
10072
13405
5522
15262
5975
7921
12415
14403
4166
9004
13556
9227
12588
7674
6072
14096
3294
13563
6919
14784
6916
15558
169
9485
15737
90
6574
4611
1338
8917
10144
11490
9311
7032
7155
704
5590
181
10108
10279
388
12430
3571
13451
4795
6138
15202
11987
13658
13194
5986
7441
1597
11526
3175
13329
8837
14084
8072
10041
13897
62
13035
11812
9414
7915
10175
6791
1926
14982
13564
11553
8147
2166
15783
6740
12802
8171
2071
6818
1751
10387
5763
3431
1963
15348
3615
1773
7538
4465
12585
4153
8257
13823
4348
634
244
8289
8079
7466
2019
3594
15011
8822
6104
14810
408
4903
7144
12466
9823
5681
10895
1087
2140
7086
13191
133
2535
15719
14071
9308
622
9849
7717
14921
9309
14944
6866
3416
15359
13682
10663
8000
4484
5105
571
14397
7748
10812
1080
13156
407
14471
7512
14499
1871
4187
6753
566
4470
7931
10681
13060
914
14000
3041
6132
4871
5343
3251
1574
312
6901
9010
5942
14189
7467
10650
1238
13459
5354
3309
14749
6013
14807
13892
10529
15500
9681
12052
5011
15164
13885
6548
9862
9852
10733
1767
14025
479
4886
8169
8244
7321
7213
1297
14015
15600
5131
10454
10281
11127
11438
9322
6881
6202
2836
5074
6089
6993
7826
7317
15334
13621
13298
11948
9353
13536
14824
4657
105
14433
12658
2202
9051
7251
6139
15801
6008
539
5669
12534
3593
3887
11699
2715
12548
929
3288
10928
6206
14930
11370
7929
13167
13269
4236
456
15495
1331
7257
14448
5258
9837
6285
13363
15241
14280
4798
10116
8313
10988
2437
5947
3164
7427
11028
10491
6652
6701
13284
6333
4293
8647
2616
14217
8804
9825
2536
14911
6555
5964
12721
10592
1308
5234
2157
4543
13534
14758
4878
1407
7501
10459
7127
10329
15555
4227
11784
7034
2712
7272
6589
542
11546
14102
3072
14132
13820
3262
13991
13721
15523
3425
8267
925
8892
8395
1038
5315
7480
15799
7515
14587
15186
9381
7514
15418
15350
7224
9507
4600
2063
389
4530
2142
6278
2704
436
2218
10172
11733
810
7824
12013
3783
1054
12899
13196
1432
11234
12137
3167
12054
13680
4969
15318
14776
2543
11177
7998
5968
14234
12717
12199
8730
6471
9666
1257
956
8032
10712
673
5236
2579
6177
12283
3441
12020
6922
13562
4630
427
3782
14047
8844
7494
5174
11829
8854
14721
766
5759
8380
12185
5836
12417
7566
1289
5959
266
8890
12672
12481
13422
14396
6150
11868
12395
11469
10020
8206
10289
13736
8623
6023
4815
37
14957
2199
5935
15310
9346
8670
14726
10908
2856
8801
9970
7746
6647
4102
9252
8441
1152
15769
13681
11181
1295
1801
5693
14657
3612
7141
10916
7693
12115
7273
2117
1199
1282
12583
8711
6974
10071
5930
1528
5865
1026
7820
12103
7611
9041
12592
12097
8187
8221
5771
14136
15232
4084
12822
6664
4184
3109
15192
10213
15193
4950
2746
13331
9138
15070
3064
15337
2644
13701
12017
1787
9827
6268
14099
10430
10816
13668
2685
2100
3297
3746
14556
8076
12470
10105
4979
5690
2629
9400
909
10439
7668
4047
2754
604
1164
8398
334
11725
12840
14579
11574
12419
6667
4276
10892
1848
9672
5137
11074
5566
4164
4129
3008
11327
6925
175
8787
6194
1425
9380
10130
4644
6217
12837
2051
15020
15291
14150
3893
202
3508
5550
7069
12434
8677
8130
5678
561
5705
15260
7068
15006
4298
1315
10961
52
14272
5852
7255
130
4159
7098
9798
2176
6187
6380
12829
15792
6158
8993
310
8843
7092
5422
15632
13068
14841
4666
1110
9127
1798
12203
8704
14927
7793
15458
6426
7841
10567
6318
15212
14017
13550
8667
8062
9598
11398
9626
11559
4382
9496
13637
11990
905
7556
5431
9078
6714
5366
5350
14039
12580
4220
13928
14043
8132
7609
5313
14119
12869
586
11269
13239
354
2529
10586
5998
7102
13515
13234
12132
6435
5395
8246
7076
15470
13319
11199
11780
11606
9530
10542
11814
5738
1903
10662
8984
4564
1234
1857
15174
5341
13227
4416
15329
10039
4357
12347
8312
10489
14412
9897
1246
121
12875
5559
3253
10460
1879
3381
9508
11637
2726
6015
13375
13426
11414
13093
12051
10127
2179
12851
2177
11410
5010
12420
15692
5585
5093
6416
3313
10911
11914
14224
12232
3256
10859
870
15330
9779
2840
10909
11232
3859
12193
4547
8394
8656
10506
13763
7423
4151
5355
3457
6945
4954
6180
7219
1979
12136
13842
14935
12695
7750
9990
14647
4952
4893
2475
9472
657
8948
2664
6960
7096
9413
11683
4476
448
6762
3745
10253
8671
9251
8674
6833
5954
1011
11536
1176
12528
15604
7844
11566
14936
11890
5535
15542
13811
4496
8877
10174
1147
3815
10427
8621
14148
7002
14565
8774
4021
13943
4572
12299
11873
536
8326
15088
14740
4424
1329
823
930
8663
10866
14706
2165
2669
12223
15427
12703
10858
2066
4867
1873
11539
1378
1346
1349
4635
1883
7214
12044
9582
6198
14650
4976
4233
7543
280
4458
3860
10063
2954
13632
9098
14738
1193
472
6988
13449
5608
572
5085
7631
9064
13304
14030
13461
12296
5439
5724
6262
10474
2611
1046
7371
9433
11135
15357
9488
5298
11583
11509
4008
4481
15033
3348
12949
15335
14889
3451
9826
438
7393
5871
9562
8355
13039
7089
9084
21
1814
3188
3384
8839
9169
9361
8428
11734
7025
9087
4444
8477
54
2096
13243
8998
13452
11419
4426
510
6530
15382
4553
5159
2500
12712
1896
14759
8103
14900
13589
11387
2764
12593
14152
9793
8167
1456
3789
7419
10465
9032
10919
7020
14163
3432
4479
11514
8213
10006
13627
1700
318
10523
10530
3151
15116
5991
7171
11968
4820
11989
7485
4617
7576
333
13749
1838
11836
8547
15775
11685
4663
4319
6756
12506
11881
14226
2992
471
7220
8324
675
13157
5833
7732
12014
9744
3155
6111
4423
9364
12639
12161
15183
4108
7634
12531
3538
12701
8584
6165
11480
2514
11263
8864
9860
13114
5956
3917
8016
1987
4551
3869
14548
10855
11418
12433
8014
13280
15538
12213
9994
2041
2573
7341
9724
15467
8434
9952
11658
14012
8251
7033
9802
4290
12727
15653
14907
1959
6543
1069
3858
9790
2633
9111
10922
2174
12895
7380
13720
1151
11713
2749
699
6036
10552
53
4224
12842
15497
9305
12233
4371
1731
15492
12686
1974
1144
9513
13598
9475
11584
4320
5940
3400
13338
2547
1592
2302
14129
6783
3293
3176
1025
5551
15281
11908
7368
5660
12576
11126
733
3851
7913
592
15768
14262
7401
1593
5584
3850
6408
12762
6221
5569
2853
14171
12900
8183
2673
6024
1053
12007
10761
13366
4243
435
6413
5080
3643
9599
5913
2752
5506
8144
11605
3955
8555
9317
4208
3276
1784
5167
627
178
1052
7704
4846
1483
15298
13491
3219
2050
1317
14908
11164
2370
9609
10169
1601
3603
5691
3616
1450
14642
10342
13985
15000
2337
4131
5912
1149
864
12351
6830
11295
3819
14805
2198
14655
9232
12603
14326
2353
15381
14312
526
8610
6695
5844
6021
1170
7157
7126
4132
3884
7355
11681
5884
6009
11920
12967
13816
7628
1859
3343
8234
4234
836
13673
5457
12239
8717
14663
10231
2790
7106
9680
6973
7230
9602
10322
5814
1328
5430
8552
12386
12747
4986
3740
3629
10150
5712
10762
15528
13860
12978
2859
8860
1611
4885
12731
1766
5026
7715
10548
5862
11534
4937
7677
12915
14619
3738
3572
5536
12914
9462
13364
1084
4631
14445
5078
15353
15774
10508
14529
2939
1420
10710
4022
9546
3758
11563
11230
6809
13685
1797
15521
1428
2118
15332
15598
2380
4556
3927
8121
14098
7296
9718
2099
764
5471
8401
8131
2034
4538
6140
7773
2454
6593
8341
13076
791
5542
3043
6578
10560
12738
15481
7763
3266
3965
13512
12452
9438
14137
3274
9325
3128
3642
5217
9367
13825
328
8285
9698
9707
5035
8017
10998
5044
1712
2601
14045
2277
11530
13119
8849
13952
12368
10100
14818
4280
808
5067
8216
9813
3386
11756
9801
5909
5213
5206
1437
76
11429
12266
5191
14423
8396
1402
11025
9510
4970
4477
14615
5326
10854
11296
5481
13200
4545
6058
10433
6222
10312
15362
8215
12573
1035
6612
10255
9619
15222
4730
5626
6326
2238
4951
3389
11899
4757
14395
5641
268
7979
6219
8821
12778
10397
9456
4938
8782
7940
15631
1409
258
3229
4722
3754
6967
13410
4004
5065
7065
5240
1487
5283
1182
4985
6893
4664
4192
11445
7550
405
10615
15063
6704
1753
11988
9835
2438
1464
7258
3220
12182
3570
14331
11837
11461
14994
4024
5624
8560
4537
10644
8813
8539
1333
12380
3061
15384
10932
7366
8140
11589
12065
7943
13419
6690
14093
13480
5460
12792
1161
10576
2830
9637
9387
10986
6992
10957
5186
7310
12251
9728
7474
14460
9173
7237
14343
12236
12483
9074
14064
2699
14646
4186
11240
11484
11804
15696
1270
6590
7304
13806
6533
7955
6882
9915
3681
9874
1991
9406
1381
5938
13667
12116
9701
12482
3326
12247
6030
10357
5673
11649
11656
6320
10163
10028
13394
8302
12139
6188
8061
4216
15482
13748
15587
8092
11371
7181
5018
13856
13143
6487
11413
14066
10247
1993
13810
10865
9536
11182
14333
1360
4525
3107
2682
7339
15726
5322
6407
10311
15360
11491
8286
10490
8243
5265
2261
7816
2517
1155
11770
11064
15225
6275
7970
8906
2758
1509
15371
7588
3328
10847
9479
913
1355
631
14760
2694
7614
15612
12621
10251
6956
11189
966
12090
8416
14229
15312
7508
11241
3821
4109
11921
14253
8929
6814
8191
6784
288
5737
9950
9103
3534
13235
12981
4287
5683
291
8478
11516
13926
1594
11917
14429
13714
6027
13505
12739
6283
5239
4279
7757
15196
4791
9722
10415
13984
3377
9543
3263
7948
3404
6085
5338
13089
8862
15247
14361
14871
7727
7980
5734
1946
2018
7166
12181
2898
10024
5157
630
3765
6250
7875
2810
8493
195
5086
14077
4080
13826
31
12884
7972
10224
1802
15325
14581
14953
2919
3252
15342
4571
8007
11216
7659
14903
381
747
8155
4310
2299
1313
12201
13647
621
4432
15680
6888
10173
15798
14691
1307
15268
1162
4330
1567
5917
8069
14270
14652
9401
9412
4853
3556
15370
9448
4078
6870
8567
12572
14667
8826
4653
2138
10276
1770
2447
11874
4697
1860
15214
8413
8253
14063
10062
4593
3627
14923
15694
3272
9099
15789
15369
11765
14828
3689
2566
15462
7121
4922
933
14019
12171
13135
14375
8593
6182
4422
5589
3853
120
5704
6904
12972
14457
1921
13168
14705
6226
13650
6954
1018
15217
5970
9194
14192
2667
5928
14683
2760
9841
11642
8095
10268
1619
5007
1765
13283
2756
10874
13784
14266
2555
12019
7477
7830
4288
15441
1068
13948
591
4387
14673
11851
14898
11955
1027
5202
12683
14180
883
2988
2520
9200
12521
9276
3809
10963
13337
1887
11865
2665
6985
147
12163
3736
11358
3822
15545
12835
5406
11919
15588
11520
5788
11946
9334
8352
2000
15419
1188
8577
10195
10245
593
173
6284
13149
8449
10303
688
7191
10492
8723
3358
2192
8058
7376
13186
10389
3708
13472
12953
12025
10021
3581
6884
14205
3221
10073
2839
895
6758
2565
11973
11708
12776
6617
11472
4239
15056
5820
7073
6099
4953
1116
11608
10226
5818
13296
8710
14966
4981
7455
10830
2619
1366
4544
4510
5442
14358
15416
10646
3883
6929
11426
5518
2472
14560
5643
9481
13919
9939
2648
2155
7190
13257
12624
8229
6556
4345
14817
7942
5794
6419
7899
12138
5850
9280
11393
12298
3790
13896
12510
6094
11935
4906
11802
12126
13358
5200
7404
7852
5031
10832
3200
12333
10666
14320
15354
14867
13333
3526
308
451
11083
10682
5320
9145
4990
4054
5036
4647
13781
5193
13700
15074
10146
15652
11347
8451
8589
771
10128
5097
14551
8322
9697
11573
5259
14861
11613
2450
3304
9447
13443
15308
10258
6895
7464
5438
2429
5025
13798
1440
1396
4344
14653
13604
11252
9013
8405
3918
10822
10148
14140
3774
5203
5510
15742
1631
5038
5888
8802
4228
8134
12008
5903
6815
3564
12173
6240
5280
10884
12700
2994
7361
4599
7731
4868
12085
8250
7908
4073
10324
12087
12286
3230
488
9014
10515
535
13908
6246
8233
14711
606
12453
238
6903
3037
11646
5441
7591
2149
12150
9621
9498
5264
362
3146
5742
732
4957
8902
5118
5625
13541
10018
3943
2440
9537
11223
7360
14296
3093
12484
12196
1625
11451
10536
5178
5251
13217
12264
2813
3344
6272
13591
9887
14677
9037
2724
4920
13504
66
14267
13824
6521
14334
3026
5996
11481
7788
7718
10661
15226
2692
13445
8666
14103
11815
494
6491
13949
7469
15229
12265
12036
11761
12053
12705
14661
10083
9012
8747
5454
5619
12636
13414
15650
15456
11610
4558
14166
4715
8300
11703
11601
7059
1966
12883
12655
1976
15805
6724
7767
6899
10813
5079
2228
6646
2222
6281
14641
13361
649
12649
14451
6763
809
4326
10599
8607
2626
7119
7954
9715
8598
13327
9812
15795
12212
3871
2849
14481
5558
15450
7099
5081
12492
10564
3401
14215
12824
14258
7364
6554
5537
5325
7687
5872
2340
5694
10993
4784
7052
4201
9504
6797
11561
5605
14490
9749
6689
7941
14562
650
15741
9976
11820
13712
14092
13219
12668
10883
7868
14582
2207
14323
3846
159
13867
12871
9154
4546
2478
12882
13968
10606
5500
6962
14983
14764
11483
14246
6632
10668
15047
15367
13278
4944
12258
15488
7630
9284
2926
15649
3876
9130
1687
5328
6673
10158
11894
14602
6525
8035
3236
4816
12907
8319
4311
10026
15242
13844
9679
11010
3123
9131
7654
14309
3161
246
8414
14131
12881
14852
15665
14404
10568
4333
3908
12604
15664
8979
15682
418
7117
2070
9021
15567
7492
12961
13396
8846
6823
8359
11636
9219
394
7764
1825
5755
11834
9656
492
8634
15751
15451
12855
10141
13535
5098
12269
9418
10852
15491
5695
15606
4792
14167
4936
7542
3728
3005
14533
9223
13254
10878
5979
6780
7196
15786
11219
10718
6406
15389
6228
10359
9255
11100
8712
11638
4576
7133
11101
13753
10203
286
6298
14692
7331
1372
3985
7111
3228
10002
2913
14372
15064
10563
11969
9486
14118
3799
5436
5427
2306
6943
865
8871
4189
6542
12720
8321
2818
9523
12591
580
4836
9446
757
8447
15507
6218
12942
4452
7555
2869
4064
13328
4690
7958
4085
7578
6135
10494
9210
10082
7323
13914
5075
9107
7235
2424
1837
5037
6772
2206
12383
8087
2139
13711
9015
10806
4376
2470
2012
15333
10446
11665
11684
9146
15200
7260
14032
6415
11076
10797
5397
7760
2298
8277
8044
5775
7169
3477
10630
1720
6197
13006
12156
14985
741
2354
5773
8512
11324
15806
14806
4493
5411
3569
12077
11910
13942
1506
1339
12078
6559
13079
14510
6286
374
15576
4204
3979
12964
13940
8982
3676
4971
15424
14969
8597
1098
15282
4466
6340
10005
11331
2783
15733
13570
9271
3957
11494
11072
9628
11315
10345
2937
4210
14195
11822
4942
881
13148
9664
4355
14456
8530
12360
4789
12026
8357
2797
8771
538
5295
8143
189
3009
14020
11254
13139
10278
10138
5993
14584
5722
14735
2328
11844
6503
13274
4649
13789
7381
15273
5415
10747
11771
8682
5416
1728
12234
14599
14409
13417
5824
3060
5429
2094
8732
12409
8015
15790
275
13600
12389
5615
14249
10356
5292
12834
11736
7198
4826
9871
5696
11006
12839
12016
4337
795
4862
14693
7332
2052
5563
8266
12361
8336
10395
1893
11991
5774
5096
3993
14044
15630
11846
4229
12706
8126
3660
12301
12775
12068
4778
12167
11882
13900
14715
4575
859
14820
2164
10235
1500
5840
4511
9712
15013
6125
7211
15420
1805
11997
7797
11283
5772
11622
7078
380
8541
2047
12680
9370
14775
3067
618
9476
8490
10304
3547
6090
6757
8853
6699
10030
5432
9953
6575
10218
7829
12485
8745
10429
12928
9303
12308
6033
8966
830
4349
5272
10052
15187
14143
4834
5663
6382
7910
10582
8716
6615
2695
14024
5453
9283
2077
12646
14232
15540
11625
12537
7100
4199
6874
11200
12552
3600
15280
13601
15283
2415
15220
12006
11645
13011
5318
9269
14851
14568
15099
11095
8489
10067
8106
2532
4485
8052
5452
9434
12950
12217
15087
11392
14212
5943
14473
14515
4711
14800
5462
4033
12613
5858
10027
12605
2990
13586
10363
7451
15519
9468
9868
14938
15313
11858
9076
9047
2325
1115
1474
1975
4638
1125
11231
7218
3785
14482
14115
9766
6550
12200
1707
7104
10308
10674
15108
544
493
12158
13716
12980
3084
12610
5770
6234
4105
14420
690
4321
6654
8812
10924
12979
9669
7424
9518
14845
10237
6742
1187
1558
11165
7909
6344
9901
3142
5933
11993
617
583
8411
7197
6166
1664
11415
6971
8050
14359
7217
11406
9403
9581
6273
6842
11350
10842
3644
6677
5141
13365
759
5573
8212
6989
6887
533
9692
8536
11535
6776
11967
10302
13091
11372
8572
13160
10432
2638
13146
5089
6739
14626
6501
15167
3778
8549
15197
15098
4814
11190
2111
15735
7623
8498
3001
5256
13754
9137
7624
4133
2776
1553
5811
9564
9058
640
15627
14034
2864
11071
14569
6478
9443
7043
14145
14798
7739
13568
13728
11444
12787
12243
5053
6361
8658
6987
15452
2964
423
2833
7107
9574
13187
10435
12418
6279
13863
10716
7885
8177
12122
14658
3035
4883
12638
3734
6872
10053
15293
8305
14549
9123
6831
6841
9248
11397
9571
3900
9578
6886
241
8914
15764
12426
11463
5805
428
14478
4244
1215
1109
4948
2781
5745
11328
5837
3693
6191
14216
9734
12141
3810
9329
14130
8335
6093
11403
14886
15304
2824
10549
13607
14676
15672
13722
843
13993
12831
948
12204
10192
10154
14593
3226
7510
11359
9759
8379
12081
14578
9997
1572
1852
4406
2794
5425
11766
14319
880
6210
12566
3834
12536
14056
5356
13767
8214
14379
9620
8543
6585
9332
8603
13630
6282
6215
15230
9506
15062
13251
4683
358
1468
2906
6676
7721
3046
6694
7146
12176
12930
346
2521
9700
9947
14416
2507
14154
2974
10270
13657
15685
5972
8496
1681
11956
6294
8196
8084
1350
15160
14863
3442
5008
14228
2683
15172
2816
12982
9528
11905
11711
8585
2753
3848
1800
3283
6592
8287
4810
7904
11079
4354
13300
6022
12836
11332
14956
13740
12315
6443
15163
11019
9834
867
13801
6976
13260
8236
8178
11065
5642
11797
15628
6633
13192
6808
516
5511
12575
11544
3025
5002
3484
9101
14813
4879
12815
13009
3973
10202
13287
9905
12005
13963
2891
4832
6276
7205
1088
14987
3362
6368
15300
9161
5730
1940
9286
9811
3121
1126
15738
7729
9804
11321
6817
6958
3667
6479
9249
4425
2828
14722
13611
2522
9606
15493
6136
3094
11925
13276
3292
10537
8290
3139
10307
4077
13019
2557
8475
13313
12742
10066
2482
6411
3944
9331
15227
11542
7318
11482
13768
1457
9526
13031
13225
9316
15299
15705
3242
3003
12992
2294
6765
6937
466
12000
10385
10905
8808
12268
5832
2074
6356
7864
2545
6297
9601
10725
8553
11396
13081
12246
10246
14254
9854
11395
10168
6259
3504
5779
15505
13812
8588
11222
2332
13941
10717
6599
5920
7023
8847
2803
13344
11070
9964
9473
5945
222
9509
10136
14014
4928
10570
6666
50
10256
9924
15403
6551
5574
13733
1570
3135
3173
13485
15203
9918
10520
15787
9736
13547
7881
11166
15221
13735
1892
4183
4685
2441
1516
9221
5532
14878
15550
9330
3521
9105
15697
13279
1448
11186
15607
4351
3279
4949
14719
15700
3575
8918
14849
12248
8074
12876
946
8377
12080
13085
15666
14182
5611
12926
12969
4178
10320
1626
9733
6586
10907
14356
2201
4713
1237
6867
12473
3735
3379
13559
3966
11898
1869
2991
7806
6579
13996
11937
5108
12617
525
7444
12714
8797
4295
3385
79
12458
4833
4508
1175
9404
998
10019
5797
1171
6173
7939
12765
4696
13145
9428
7301
12694
6242
15732
3916
10880
5539
14399
15347
3522
5270
1335
10634
10706
4618
6520
9882
13927
14384
2693
12974
15589
13629
9463
1644
5101
193
12615
14072
10649
11672
12331
1414
12595
2788
7370
15750
8996
13444
6269
6174
15617
8031
3792
13416
3700
7495
14388
9241
11004
15423
5519
11262
168
401
1732
12045
7735
7999
7313
12410
4866
4428
5095
2920
2784
8039
14620
6638
6855
13399
10664
1254
12788
1290
14649
10167
9144
5450
8546
14245
8351
1532
3924
153
987
15687
7247
14487
14422
7782
8548
11828
14942
13583
8323
6637
14398
9191
5353
7796
8905
7932
8875
13242
8343
15568
12561
11268
10080
8796
10392
4913
2804
3832
5019
1702
8550
14665
2153
14713
14411
5886
4744
15494
5372
11933
2248
11299
3698
3972
15150
15578
3563
5876
15651
1163
8981
2966
12325
8855
5492
5253
8280
5358
9689
1534
11887
3486
14165
9192
5222
7476
15039
8795
3090
6417
8469
9966
13244
15749
3247
7886
8118
11110
10469
10849
14067
14138
465
9875
11027
23
13204
9140
12312
11024
5644
10191
4839
13641
7567
7125
12973
2945
2866
12332
15445
6151
2367
1997
13571
8071
8668
13660
5061
12769
7714
10670
2989
10956
15575
15537
3375
9050
3926
2854
4891
12661
9657
9461
5612
1139
10841
1714
10984
15716
7745
3296
4620
13151
4819
2011
3286
4175
9954
1121
13786
2717
11700
12889
13056
13231
5863
10695
7804
10881
10595
14472
7708
11513
540
14105
6582
12546
10970
10147
8148
6552
15480
13486
11609
15257
4253
13978
10381
8435
11762
508
10702
5875
5154
2811
15118
7397
5056
4267
13606
14947
2883
6335
12216
12456
6964
2844
648
5103
8275
4118
7405
7200
8353
10334
14283
9747
5955
5466
7261
8764
8689
7853
6438
1370
13931
65
990
10373
13746
11421
14461
457
5219
3523
13642
7973
15534
14467
8104
3590
10201
13330
12523
15106
12872
7518
12547
14111
15351
14265
12908
4112
8100
9236
2707
13272
4533
4756
2827
6827
2744
1429
7665
13356
8150
11128
10669
13129
7229
2037
14621
12183
1878
1657
6398
7390
12049
11039
4521
11289
1704
546
3525
13040
964
8833
5135
9968
8881
13255
3083
1312
12797
3412
9965
14850
13638
5351
13220
39
14247
12529
12390
6231
12740
4802
1750
10785
8952
12685
5390
9110
5458
14344
3936
12904
3284
8700
4771
464
1827
4540
229
4023
6547
5308
9156
7337
8089
7783
7716
8786
1210
8218
8968
11479
2401
13828
14678
11764
6129
2732
3289
1405
4331
1978
2503
3890
1727
6608
3092
4380
13679
12965
8436
3187
15204
390
9877
6251
9931
10468
3727
218
14088
9981
857
9884
13084
14120
13921
15709
3990
7597
10160
2072
9949
1818
6311
4793
2808
11571
2962
5809
4995
13154
3388
4289
7084
15086
1412
12060
15223
13203
3949
6951
15012
6248
6595
3374
92
9355
15340
3641
13939
3857
691
10010
4574
11486
12749
11435
9420
13395
10355
11735
11312
2311
716
1739
6048
13734
1919
15305
12859
12037
5997
11330
10458
11029
1367
11073
2109
7935
5216
9754
8611
11626
3824
6576
11907
15045
15113
4302
9566
15016
10414
14286
13557
11120
4222
5284
6865
13837
5512
7060
4541
9651
10899
519
13190
8226
11420
512
13316
12880
71
11912
6109
6440
6127
12208
2870
14142
7787
15736
13464
632
13719
15686
2564
3663
5493
11582
6319
7349
10118
2826
12252
8750
142
13359
4989
9171
3845
9396
6898
11714
9872
417
12719
7061
1544
4831
2636
14737
15549
86
14281
4299
422
4892
9568
12823
4050
6238
9220
13727
14743
11030
13656
3485
13787
14318
714
10934
5621
4340
9746
9532
6561
15655
4675
13110
5185
2733
6372
9731
12716
14747
735
5161
10978
10997
450
10719
14622
12396
11707
13609
5846
11810
14505
1362
10453
14718
12406
5727
11913
4177
3852
884
9737
10593
8778
15288
1446
13525
11436
1033
5915
14169
11800
12294
8337
14004
4884
628
4529
3929
8425
10390
1499
11218
14525
10973
5813
11852
5486
14236
12367
15129
3282
8488
14980
12219
9125
7811
8119
3699
5583
5958
5148
8870
1537
7509
10412
14797
14984
10009
2485
5561
7199
13295
15323
9799
1334
4497
13233
10417
2725
14763
12320
683
4603
15125
953
9464
2231
8551
15146
9328
7863
1242
3473
233
13482
608
6123
33
12734
4489
14623
12169
3757
2211
13288
11859
1746
6709
12999
5367
14252
13561
7072
14618
11092
4401
7459
5125
6864
6651
5795
3115
13998
2388
13918
7801
10809
3422
7966
14443
10252
8427
8557
6798
12857
11518
4097
4403
8673
13033
4731
9674
8348
3953
1245
10758
1831
5060
6207
10723
3380
13697
14293
7612
6053
1008
6678
8798
5119
3909
9333
8925
481
2026
14520
15479
9080
3763
9776
9212
9951
219
7195
9735
1119
4366
8437
5859
15442
14346
734
14799
7522
12043
14831
8944
5126
1146
6428
12715
14785
14946
5204
1947
7131
13404
4090
14974
13002
15177
1792
8077
1758
5735
10225
14823
7529
10778
14769
263
6496
13725
1443
685
11940
364
8690
12541
11886
14521
5548
6564
14793
11357
13990
6377
15468
13494
3124
12766
7565
9343
9359
4158
2544
4130
14751
14739
6047
13198
10947
12050
5339
3387
8859
2293
6607
768
12093
7587
13622
9081
12850
14278
6829
7074
14123
13116
13080
284
4992
11221
11980
8900
10274
14724
6566
3454
10838
9555
10372
5184
9489
4347
4740
5303
14336
1745
6754
13393
10894
6314
4817
8831
1264
10337
7528
1045
10777
12149
15512
15358
5629
8883
9751
14328
11503
8765
9048
12860
2033
11287
14155
4256
13608
1986
1564
4181
5831
7850
7523
14554
14076
2386
15110
9873
5491
2286
8278
11
15459
11198
8199
3899
8681
9109
9179
13850
5668
11618
15753
9616
1981
8109
8803
10820
5446
13752
12480
10484
13152
9538
8360
8269
13435
14628
83
13569
8949
5765
15147
15401
5513
6545
4931
1431
13094
6659
10648
3036
11959
14454
11075
177
2736
7594
3873
5736
11739
12127
635
2911
9344
15553
13285
5237
1842
9115
14767
3246
2042
11911
491
13995
12437
8888
4301
14197
9250
15105
15703
13320
14991
11712
8022
271
4655
2204
4215
3905
2448
6050
8202
13030
10958
6770
13542
15708
11066
11179
11202
13137
14998
371
6405
3260
11353
7872
2178
7733
3062
4723
8953
10498
3739
8943
14298
4897
10416
13773
4271
6924
1070
2516
1305
13029
7957
8117
12733
9277
1633
504
7440
725
4363
9730
157
2426
12202
15510
8615
1661
6043
221
10102
3921
13633
2006
4232
6025
6287
4114
3722
2959
15773
14003
15259
11595
5199
13305
6167
4743
5944
1150
14164
6498
2802
8976
7859
2150
2863
9129
8381
7303
4026
9091
2025
7818
5934
12846
13537
9031
11709
1285
2556
4005
15057
4783
1451
10483
5891
3638
10332
6362
12670
620
8563
2624
2333
6247
7212
4855
14256
9604
687
9788
15662
93
2780
15543
1040
15779
15303
15725
14707
4203
9042
3426
13558
2136
11682
2622
12015
10522
14005
14794
6719
6061
8049
9033
110
12906
11799
12990
10115
1642
13879
11690
10983
5803
4464
10249
3632
3748
255
9008
1823
3258
14442
11906
5879
5297
13397
9838
4994
636
5719
5709
13297
14310
8407
10709
5173
13895
10135
1352
9272
7377
9769
2264
2028
3544
10587
14196
1395
11089
3254
14193
9925
7930
4555
7706
1786
11364
2528
15383
5634
5365
6327
3683
5848
2377
2387
5392
596
13222
2378
5967
7085
4305
14062
13946
9366
13873
209
9092
5835
13125
12374
5220
6908
14021
14013
11909
12345
9150
447
6169
4984
13373
6535
459
965
13695
14264
14380
2604
12559
3797
8594
10350
13513
15432
1932
11954
9085
6369
2675
12748
6800
8746
8088
3950
14701
14332
14761
5528
1304
6395
2965
1560
14051
9691
10228
4570
4797
4471
6467
6310
4717
6296
12342
15170
15184
12916
1353
13450
4441
9499
9165
7253
15531
12607
13340
4392
2001
15055
6761
1280
5923
4720
15654
6110
8494
15449
1526
11047
13478
6577
11041
13761
5160
9833
15213
6128
9234
11310
15190
4141
9641
877
5181
15663
11811
15017
15352
8404
8083
11984
13001
5456
429
4451
6351
174
2942
8525
13402
681
3478
7525
10488
6927
232
1090
4272
11862
409
5817
30
4704
1782
12446
7951
9836
11517
12471
377
15355
11152
1777
15044
6119
7470
3540
8897
2645
5635
3012
1408
5946
11813
13245
3021
11876
8361
1092
9992
6300
1256
4841
13270
13710
6414
5828
216
14174
13277
4573
12404
1955
12462
849
11669
8630
13661
1374
760
8464
14611
11080
8592
9551
5647
6851
2946
6267
2851
3467
7598
14240
4296
14654
9686
9402
10451
6420
12184
7384
13683
14470
11253
10408
6648
7279
1274
1154
14393
3543
14304
14717
4369
6493
15579
3724
14198
1925
12327
15466
820
11664
11103
7993
4034
11936
9987
9524
5015
12066
14414
13087
1416
14530
7053
13843
7967
9073
10950
14255
2728
15254
9975
3335
14282
365
4926
3390
5359
14541
2010
9511
4520
14181
5150
5003
12454
12608
9141
7209
978
6241
13155
5675
9603
923
4972
879
514
5383
321
2399
14231
14741
3533
10139
12148
10193
12074
11693
11337
7252
1130
715
12556
6603
13267
2617
2113
1517
2881
7057
5628
5194
4356
2539
5257
5637
4188
5864
12280
10575
10384
8133
5971
14374
2435
11215
10616
2474
6684
12681
10632
14434
8926
5932
4270
530
2792
8299
4860
10376
15256
13671
8159
12753
3098
3020
13774
9767
4100
14485
5496
14996
12867
6448
9803
9159
4007
2722
15189
12191
285
12750
6649
7802
5989
6261
4708
6457
239
10013
6243
5127
3324
8904
13762
7520
15443
14888
7493
10017
15616
3741
2061
9794
9292
277
8445
12369
938
7123
15566
876
8531
5474
15032
13020
9449
6923
14173
13620
12194
2843
15258
14967
12104
7326
289
476
10598
15756
2465
1377
14038
2961
13074
8749
13141
7188
10787
765
10159
8362
11705
13218
3448
14122
9896
7666
13314
9327
9608
13241
3813
15198
13016
7926
12186
5728
13802
2632
15613
13164
4678
9848
4844
1099
3946
1764
14613
12241
7299
6299
13377
11863
6086
9554
6743
3996
3631
8954
4448
5262
1096
10064
8760
5362
2090
8582
12890
12256
139
12489
10273
13775
188
4393
7058
8048
12798
15034
15413
5473
9569
8195
14648
1042
12177
1002
6196
12488
11294
804
14939
3762
611
7305
15409
5586
14201
10612
4017
7817
7030
14355
4362
15569
15107
11674
14008
7978
15439
13367
7533
1044
7805
3956
10482
8256
9117
13458
9416
10089
4800
4522
9675
2540
6620
10887
8874
3033
3334
7425
114
14731
12343
2227
4850
9213
4339
8456
12215
1653
443
15421
5810
6102
13861
15356
14675
1375
14458
1623
10447
3732
3964
4365
10012
11798
14629
13042
7558
5593
11860
3751
14789
15530
8687
15154
4264
5348
3323
6176
11053
2568
1281
8522
9732
9423
7383
2497
7319
10738
5616
8911
1817
6359
13652
4249
10393
13043
8679
2654
7458
2727
1006
11537
15211
15629
10711
1019
13169
8614
7256
4714
5698
4307
7359
12637
10166
1680
13436
10660
1379
3831
3825
9392
1158
9190
7670
1902
11286
10546
4621
10633
5638
7849
4297
12314
4686
14566
15503
9723
15794
9919
15263
15228
172
5443
1982
4790
15065
774
11970
2459
5171
208
11032
1740
2691
3661
11961
496
10333
13817
3110
5768
1241
2848
4032
15290
13195
11877
8920
4754
12422
2466
12107
7454
13916
1839
12271
13614
901
7880
15483
7992
2817
12275
9903
3592
4577
4246
5925
2876
12682
12441
13851
8365
231
2131
8602
5385
10811
14612
7977
14986
724
1252
1815
9217
10790
441
14864
26
7122
3773
8242
5302
12625
12159
13051
7691
9572
1803
2615
3626
15548
3339
8123
3464
7054
13549
2696
6696
15671
4241
7705
8205
1342
5758
707
15602
9296
8898
5992
11823
11311
8054
51
398
184
2087
4263
5230
1648
13578
5310
1985
11519
4384
14600
6859
3750
13674
10464
8990
5012
13117
6403
15402
8629
3907
152
433
10325
845
11341
350
6220
4350
15660
7294
7761
368
15681
8038
7891
11242
12408
12586
2489
12439
11932
10190
11506
11450
6447
8065
12551
12382
7254
13950
4372
7580
1518
3664
12652
10964
6144
577
5124
3133
3030
5042
8783
15710
5106
4053
8794
13453
4524
7690
7965
4764
10946
6731
1386
1114
8824
7270
9075
3591
13240
12344
13676
7540
15765
4412
3141
2477
12206
6935
15031
11360
1453
3633
3889
2269
8866
7227
6193
8620
14639
12896
11473
4609
143
5547
10977
7129
10845
2542
8861
4755
4779
8980
10768
2038
2304
10955
2015
8423
12599
14206
10239
15399
2246
4049
14139
3080
3747
15554
9282
15127
7534
8170
11671
3298
4250
6445
12852
7756
7290
7969
9688
12322
12687
3301
11172
2484
3122
12995
3318
13229
4651
10040
7900
1584
8876
3195
4039
13150
6553
14128
1713
9720
2651
6570
4094
13649
2088
183
12676
12892
13212
11466
12543
4060
12377
9840
9910
1382
5692
11158
6404
14187
6028
7291
10114
5468
12505
14925
6266
8182
5111
11146
1476
8339
6040
562
12096
13809
2488
2486
2122
8734
4016
2708
13758
10194
8931
8938
5752
89
9957
8569
15520
5151
8642
12238
3433
10744
4923
4123
3509
1191
4120
2892
9214
6565
15527
6152
837
8402
3968
12487
12951
14766
2491
7151
10420
5099
13495
4752
7577
3383
6978
1796
10869
7271
8378
543
10622
8056
13130
3673
7017
1482
5282
13742
5754
6232
5330
15744
9163
10679
8766
4882
9231
478
14595
8308
5221
15302
9956
322
11680
10891
12812
14716
13086
5606
6258
3988
7182
6965
6134
6325
13723
13533
2310
13384
4801
3194
12140
10029
13115
5376
1032
3016
700
14436
8384
8113
