19
4002
64
306
97
822
555
941
1725
2798
2772
6490
22
48
5484
801
1701
1836
3350
4059
3756
3961
4368
3712
4725
36
1853
1301
2997
1911
47
827
1260
4352
1212
5748
4880
2820
199
3265
2606
2315
1124
2887
4977
3070
4580
2591
6257
780
187
70
4121
2986
2806
573
1086
4379
2999
3510
449
12
3772
2770
5214
1850
1865
1
890
1494
696
790
75
954
3032
55
4475
2902
1039
320
2154
3250
1340
1809
6639
7346
2362
3982
2272
5662
7362
103
5916
6977
2658
2040
2858
1184
7264
1327
2134
858
349
2314
6495
149
793
4854
1351
7936
421
532
1834
3415
3992
25
4113
2121
49
1706
6655
785
7353
440
1213
1822
4396
783
5071
3085
4434
2425
3981
7232
5527
6437
6504
5974
4735
7633
5839
3796
763
3399
2433
4172
5623
406
698
379
3743
5825
10
2936
5843
1364
5139
45
899
1527
3302
3428
4168
6875
1618
2921
999
4072
5570
7649
119
475
7180
3471
1028
179
2885
4300
4668
162
1288
3628
2903
109
6290
38
336
4421
1554
1236
7029
3086
82
2865
6698
7421
2763
3856
203
6212
104
78
4180
5919
2364
615
5121
7077
1556
300
5030
4838
292
2771
3864
828
4076
5113
1344
1454
5966
2787
138
6376
4975
2931
4377
1012
2948
1807
3137
7810
3777
338
4773
100
1737
6436
2822
4308
4217
5349
718
3755
67
1095
3213
2590
6995
7713
234
6889
522
4277
6168
5461
4896
6611
2093
6658
2838
1291
5138
4075
4514
2546
1608
2613
158
437
223
926
3559
412
7600
2235
7736
251
1856
1275
1169
298
1958
4796
2743
5231
237
1863
356
1387
2834
132
167
3
4825
1996
7837
595
4255
163
6636
4055
2369
470
668
6621
3285
852
2943
708
3031
4650
4062
6957
446
4070
5296
4474
5123
5781
2515
274
7984
5332
7927
2680
3897
639
4870
2156
6813
4605
7010
786
5793
3013
7450
3720
4705
3336
2953
1365
2132
6635
148
5725
5070
32
797
6106
1156
1020
2335
2348
7242
2200
4517
2923
3716
4160
2647
480
2947
3421
6812
5578
778
1951
3561
6682
2341
144
1530
329
4431
3843
726
6826
626
8009
1833
7572
4407
2983
3606
2495
1579
6728
351
1897
4811
7083
369
7621
467
3240
4087
772
1134
5232
6950
6124
7345
7699
7856
7952
5082
1694
7608
4390
6975
7094
609
6039
603
5729
6449
98
7185
4645
1698
397
5361
7436
5617
5847
1201
1000
3158
1421
3808
3589
1789
3938
3134
959
1749
2307
3299
2567
85
5394
4156
746
1607
2036
878
373
7124
6751
5455
2498
4146
1969
2287
1968
6982
5658
1692
1654
6868
1699
1747
5255
2163
951
7145
6463
5364
6544
72
1473
641
2889
205
3071
6203
2436
2857
988
1255
922
2407
4456
986
410
7278
1676
5388
7402
819
1778
4642
558
1444
3550
5661
6716
1900
6160
425
1587
1769
6710
6079
455
670
7090
2396
915
6892
4610
4336
2774
1426
3053
904
6686
1293
16
3703
2496
4941
4010
674
594
3373
4306
1216
1612
5309
424
891
993
1057
2558
5050
2723
3149
1538
3506
1406
7120
7681
6306
259
6692
1843
302
1056
1185
340
1844
3095
5134
4665
919
2301
1776
385
7315
3649
3696
2972
1668
7478
5433
1515
6838
3166
4082
2056
2239
3352
309
7903
261
5723
3449
7203
1167
3048
506
2905
3255
6557
1780
1404
4956
1113
534
1438
4706
1549
378
7420
1952
2242
484
738
2432
5501
4945
324
2689
227
5654
7308
6863
5016
4213
3201
1622
3004
4693
6172
3059
7646
1922
7643
1693
1101
6848
1708
7776
3049
3524
1449
885
871
7738
729
5874
1309
7177
2240
2993
5373
5208
6387
1785
7071
3209
3475
4378
3365
2129
3244
2452
3466
2773
3058
3655
829
7434
602
686
758
6274
2745
1007
3931
1267
5962
1269
3580
2422
4656
7870
4652
2171
4827
4782
2330
3553
3357
3488
4561
7045
3652
2303
5342
7860
3101
1923
1398
949
5017
3548
4202
796
3912
4478
5405
2549
2089
3878
950
1118
2097
4709
1341
5580
7489
4724
1875
5335
297
3346
4157
2410
444
4955
1178
6077
3545
3461
3567
2255
3148
2219
7754
134
2327
2652
1214
1763
6979
748
1447
6328
4083
27
3354
3882
7329
7306
1868
2655
3725
3171
7081
2404
4966
7703
753
3456
5382
6001
671
5890
6468
1855
2049
1682
2062
1461
4531
2956
4231
854
5686
812
2409
7812
7532
2575
7651
4805
2995
6304
5409
4278
3677
4671
6959
2594
4315
4482
2411
1207
1847
315
4143
4908
3731
1330
2971
245
6891
2608
2821
7632
3184
1744
2270
7435
2460
3537
353
5489
2670
5028
4930
6727
3237
305
1496
1596
5444
2372
1320
2578
5169
3874
3546
5040
6442
2173
4014
5538
6012
3205
4614
5941
5477
2022
2104
4235
7408
150
638
2893
2288
415
6946
6749
4455
3460
301
2257
1005
1145
3108
4993
1781
1240
1385
7280
4822
2890
7051
588
4661
6204
5371
2860
4257
4732
1153
1209
2907
3768
502
2952
3879
6787
7022
2662
7320
2479
5152
511
5345
2793
3892
866
1854
5883
887
1276
7775
2688
934
2190
7385
4842
3075
4978
839
1400
6270
3656
430
1065
5961
5400
7821
701
3995
2133
6793
122
1061
6794
5787
7741
646
4052
6252
6785
1571
7241
7497
1326
5269
509
7399
3241
6115
4282
113
983
5631
2687
215
6312
5664
6263
5480
5555
1647
4921
1685
3529
5951
2205
1581
1478
5594
2595
1962
5147
4753
5331
7683
2101
4919
3193
5357
599
278
2929
1075
616
4490
7113
7358
3501
5760
260
6081
282
896
2812
1272
2735
1973
7781
924
7302
1388
7160
7869
2106
7723
7316
500
7636
2748
6706
4137
598
7950
7758
6019
1617
1542
5782
3347
80
6481
2002
7136
4598
5064
2649
5102
5699
4317
6424
5088
2634
4001
6249
711
6195
3052
1724
6602
5902
722
4910
319
460
1310
2358
6171
4286
5893
2453
860
523
5515
5252
1779
2554
5090
403
5881
192
7680
7803
7216
4398
5904
4388
5553
5414
3185
3625
1908
3647
4225
1671
4845
3203
1820
2443
6397
2569
6020
4579
6934
2940
4768
1904
7798
4081
2871
2032
960
1239
560
1636
2445
7363
5842
1627
7041
6825
2363
1650
3120
4761
303
4013
1658
3865
6236
7752
1286
7575
749
2053
3861
5464
1439
931
4304
2005
2020
4578
1845
1284
3960
5980
927
3023
6534
4018
554
7407
7871
1345
4591
7009
7374
6157
4890
254
2944
3445
6133
2709
2143
2184
4404
3718
6223
7429
57
1783
5469
2085
2393
991
1762
2765
7537
1954
4174
3440
2107
235
932
8018
2395
3511
1172
1424
4283
4515
5597
7639
1021
3028
4534
7079
2928
1734
629
4552
875
18
4847
2058
773
744
5076
6538
7589
1361
2189
4648
559
6026
3418
4624
3223
2509
2786
7245
3620
1639
567
3100
1391
4173
2562
2570
6625
7244
1235
2592
5927
1928
6433
2297
503
3147
4194
7347
590
2533
2318
3554
1788
6685
3602
2471
1799
4824
6348
6917
1811
3096
156
7024
2463
3717
6345
6432
3977
4781
3014
6316
7249
3472
4504
816
761
2896
7551
7314
7647
2223
360
4658
2677
5290
352
6562
413
4318
1511
4895
5401
5784
281
7546
6402
1508
4917
654
2979
2967
1665
1265
4738
4314
2878
3742
7430
1206
452
3794
3479
6224
7428
7740
2197
5418
3517
1677
3812
4473
2846
2815
3198
3958
1455
6461
1950
515
7163
5324
7101
541
2003
35
4799
2957
1067
6200
3577
2357
3066
4918
6324
7135
5001
4149
2977
1933
658
4211
6697
1995
4759
1709
4342
7298
4031
3178
1009
2679
6482
2738
6644
2275
1690
5368
2663
240
2968
702
1613
2309
1319
7961
5747
3069
2250
1674
2464
5908
4559
5069
2909
3050
6315
4727
5849
4030
4265
1445
1306
3766
6034
1943
3392
2065
411
5680
6075
1132
3607
974
2714
805
7975
1629
3405
6460
7658
982
1522
3398
4929
1208
6162
4312
7560
2095
4074
3273
6455
1826
1003
3311
3333
5058
6063
5027
1142
4395
5063
2159
692
5796
1248
5529
3103
7887
3967
4718
6726
989
4071
126
5212
7911
5045
6453
1221
5598
976
1459
935
269
355
6674
4445
4592
1755
3018
4907
5195
5092
6256
4248
4901
4440
3842
1219
6421
969
1079
1656
7988
1094
4193
4413
1585
4581
4809
5591
1901
2355
3991
1311
973
1064
3877
7524
754
3191
6082
165
6657
3670
7620
784
7815
6396
1953
7655
5478
7807
3925
7894
2079
6693
996
4086
644
5363
1393
4794
2600
7105
6858
1684
4582
581
3216
2456
7170
6688
1196
7847
1555
3791
6423
6244
7949
6394
7037
5526
4560
2423
3040
967
7231
6080
4684
818
1498
2384
5177
1357
7289
1059
7335
5321
3759
4437
7642
7505
2329
5983
1513
678
1548
7835
2442
5380
3217
4596
6531
3190
3640
330
34
589
5495
2841
727
1202
5791
1166
2127
3921
3316
5224
1640
1143
4513
1471
6718
1972
2505
6661
2473
3707
5816
6605
7997
1195
5263
3866
5517
5701
4322
3613
3619
2910
7586
2674
7638
3312
1336
3671
7172
7187
1898
1186
4483
6229
2313
201
2602
706
1390
579
1616
7637
3507
7194
607
2640
4760
4045
6788
146
6302
2098
6184
7372
5029
6933
739
4274
995
2044
7005
551
1077
2417
1821
3587
313
4680
386
3034
6179
4659
4803
2213
838
5144
5014
2958
1497
5657
1089
6786
2172
841
4219
3368
7491
4748
3804
171
335
745
7778
2048
6309
7015
2916
3394
2273
7456
6540
5412
3363
3269
41
910
453
1695
6790
6939
3885
4461
1948
1283
2960
3749
7446
5679
6277
7269
1882
5762
5776
5187
6163
7742
835
4688
5720
5939
6712
1539
1830
2430
5396
2925
2777
5156
5234
633
108
6045
4325
4669
1858
3679
7484
6909
659
5807
6018
140
5766
4676
7
6227
7569
1250
4147
6122
5054
7616
359
6748
4408
1017
3536
5685
4662
1643
5670
426
7210
4015
5869
327
224
3439
7006
5534
6400
1205
3144
2639
1231
3006
2351
1108
4566
5257
3332
6353
7184
2933
7014
370
6994
2835
6880
4679
2126
1536
1023
2785
4144
5965
3182
5116
6837
3189
6606
3082
204
6936
5687
7561
1507
7448
3922
1394
166
2876
7893
2996
2698
5275
7411
6732
4230
3836
6189
88
101
5667
6810
3951
1867
963
5190
5114
4710
2559
3596
7902
7766
2290
454
6660
2523
3934
4417
7934
1324
3617
840
1441
4925
2779
1578
6681
3764
3423
6822
7276
3801
6938
7499
874
347
2901
1591
439
2161
6350
210
7334
1022
4909
2873
7445
7677
4542
968
3499
1356
569
3674
3245
2317
5242
5072
585
3710
1062
2504
2339
2299
6347
376
4343
2082
5960
1634
485
1287
1433
3849
2308
4383
2586
762
2135
779
3837
2244
6733
4902
4527
3163
2068
4438
720
5228
6091
7982
4584
2819
6083
1967
7692
4088
4415
3199
1726
6876
200
6847
5882
6656
5504
3826
1160
1249
1832
107
4063
4245
7412
6354
4494
6057
4946
6375
185
5020
7599
5448
684
3351
2571
5579
6271
384
6630
3406
897
4532
1735
850
813
3495
4313
7619
4427
248
3513
1168
1675
6850
2769
6948
8001
7018
6480
2209
3867
4881
3555
4626
2530
7720
1840
5049
6175
3697
651
2439
2627
2147
6288
3841
5990
6488
3535
1600
5226
2234
903
3371
7960
2278
1910
6952
4468
4066
3290
894
6148
7789
279
6007
4141
7879
2243
3651
5918
6953
2322
5311
2894
518
8010
2740
3119
7844
5521
3099
689
2512
2305
5952
2208
4242
1719
940
3140
7506
3623
6871
802
2564
5201
3391
6011
1686
6725
6155
4367
4453
5715
1569
4565
1410
2969
4590
1573
5485
597
7259
906
1354
7186
6114
5911
7438
2180
921
1961
2316
5523
3196
1930
6588
5567
5039
3264
697
2502
800
6
962
7876
4503
3403
4962
3769
6443
4405
3723
6513
6968
7684
1927
882
3818
7103
5499
6046
6683
7582
5822
5651
2899
6459
7957
6097
135
1655
2338
3705
4273
5995
1010
3719
4625
3975
3395
1415
1103
6663
7087
4835
197
5055
5057
792
4615
1761
5633
3435
6409
3706
947
587
7356
1159
217
3113
3243
116
2373
4550
6591
6511
6802
1635
7168
141
3029
2711
4874
4449
5607
3176
2168
3168
6804
2742
5146
3582
7645
2807
3130
1926
5164
5254
2096
3761
3609
1430
7483
4240
2874
7656
7517
3455
4780
1759
2487
672
1083
817
2585
3573
4104
228
2872
5051
7386
3983
2394
1660
7437
4258
5649
3601
755
1501
2144
6016
2490
1606
6473
3002
5697
7888
6705
3429
5241
331
3695
2320
776
5314
43
3437
1885
7134
4167
6672
5215
5445
2775
6088
1957
2587
1266
7206
5821
3746
1197
4875
1122
1303
6465
1495
547
5268
290
4200
564
5672
4639
2256
3687
5498
74
7743
1934
7602
7769
1590
357
5407
1918
7889
2560
6291
5601
4716
1112
3015
3091
1102
5731
7416
5641
2346
6170
5047
5143
6113
6937
2102
3076
4681
5638
6515
3566
160
4694
5375
3976
7626
2067
6264
40
7046
5798
4051
1418
6472
1469
3970
4411
2741
7175
6216
2124
2146
2013
5343
6253
5281
7452
4346
4221
2671
1582
5209
206
1620
2202
7208
958
396
4607
3963
60
3111
1502
1793
6500
2326
756
2599
524
1813
7387
6497
5197
1752
660
6393
8
994
5640
182
2279
106
3713
2534
5610
7050
1055
207
3112
1373
7502
2371
4586
4155
2282
1586
7340
3150
6816
6470
2183
7465
600
1743
6357
1490
6367
7918
679
5472
892
486
1262
5327
942
6499
7156
2076
4068
4057
4734
2963
2009
4138
7710
622
3932
3474
6431
2641
861
7555
3597
3300
7584
2418
1232
6507
161
2345
190
3928
1942
5789
4093
339
3473
6597
73
3430
5545
3685
3154
2334
2084
1399
3056
2241
1029
6653
3875
5175
2252
4813
4770
5006
4328
366
4019
1411
1481
63
5653
432
1300
2975
136
4911
2349
898
1383
2930
3948
2607
1649
337
5426
2767
7158
1697
6774
3319
6711
2550
2181
7274
1870
4871
5892
5815
7973
3065
1662
970
1552
1199
5277
7426
5671
3551
7726
4536
1465
2888
461
7694
1435
7498
7839
7011
1423
3954
5632
5981
7808
3017
5013
7921
3795
4135
1279
2141
5575
2603
5475
7460
980
1742
6156
118
2685
4634
6056
6518
7676
6391
3579
4771
3636
3497
2216
129
6910
7266
1906
1504
3089
7772
3750
1453
873
7660
5639
7886
6963
2845
6919
6321
6118
4
5289
7912
3281
3465
5068
5360
1580
4774
6379
1229
4519
1576
619
625
6292
3880
5449
1529
3923
4056
4498
7792
1824
1756
4640
5135
7615
5799
5312
1965
3194
4631
6777
4807
5430
4040
6211
7032
3835
3823
1595
4721
145
2075
2324
5757
4808
3929
4247
3635
5404
2030
6314
731
7824
2229
825
6623
2503
1489
2412
2383
7332
4191
3469
1136
859
1736
1891
7501
5576
1881
2884
6614
4840
6911
5562
2922
2700
6914
7007
7933
751
5286
1268
1521
5250
6355
5260
1271
3881
1358
7790
196
1941
6961
5031
2598
3310
2660
5569
6313
517
2185
1920
1757
2706
6622
3684
7000
4447
5554
3891
6469
2924
7030
769
6687
4777
5398
87
3248
2864
1493
123
2391
2055
3498
2081
3349
6040
1960
5914
5809
4518
5004
548
2203
1808
7585
1835
6729
7891
2233
2531
5389
6714
4043
7548
4627
2494
7228
7504
6201
5931
5322
1049
5714
6691
2506
5142
5180
6856
420
3131
4170
5620
7981
7858
3648
886
7867
5111
5897
1200
7462
2850
4769
3206
6775
1663
1347
4537
6584
7511
6017
6476
2678
821
4844
6574
3919
6038
6340
5132
6997
3557
1557
4858
6744
6273
3298
2120
7222
3055
7055
7518
4091
582
1359
5767
3571
2526
2832
5790
6981
1520
557
665
2932
94
7263
7417
863
4523
225
3496
7771
6828
3816
3169
666
6230
3267
1577
1165
6181
798
2402
1397
5041
5950
7503
7282
5928
1491
4583
5733
2283
3212
5435
3910
8002
3172
4589
3776
4116
2668
7142
3904
5267
6523
3780
3174
5907
7092
5885
7545
2710
3342
4785
3868
1703
7250
6944
3275
6764
1861
3817
2576
7574
5410
2128
3788
2918
5094
2291
5451
2908
2628
2478
2915
1467
1117
244
1983
5889
4997
3079
2285
529
6598
4477
6720
1774
5860
6398
111
7913
7842
4877
7139
3786
2350
7342
7667
7583
1638
3760
975
5750
5087
5552
7178
7873
5577
2251
473
1140
7248
6235
3419
1477
2253
1876
6935
6567
4699
4359
7223
985
4418
7137
4332
2221
5851
7641
3301
2194
5948
7207
6334
3542
3457
5210
7183
2762
4595
7596
4912
5266
2295
826
2260
5783
4316
2583
5115
3662
3165
6364
5859
6832
682
5708
3270
2145
4837
4700
3709
527
2805
5581
2467
5926
5666
6149
4206
3453
1939
3338
7482
3505
221
1243
2764
3424
2886
855
5044
6143
7823
6811
5293
6735
5117
6645
3512
3325
3701
1689
77
2635
317
3986
3468
7285
3783
5520
1583
9
5900
7640
5756
2196
1123
5544
3828
4443
211
4887
4972
6305
5320
3329
3410
325
4674
5428
6771
3417
5005
1645
2572
3605
4998
3481
3315
7617
3138
7221
3038
1651
6673
4963
2480
2021
3984
1829
5244
5901
7944
2527
388
6984
6805
4935
5213
6332
5656
2719
2390
5476
3634
730
2266
7865
550
693
5899
3493
1419
2789
7297
7570
1886
5910
112
212
981
5307
7721
5613
2247
6429
6378
4988
1864
6839
1614
2750
4588
2646
3447
945
2985
6484
5155
1486
2653
961
1041
6439
5609
4795
1760
6096
7757
5285
2169
2392
5600
4251
1050
3771
3935
6527
4009
889
3895
1180
3073
5780
7204
2612
2004
4142
5933
5205
4894
7040
834
912
1066
5563
5188
2541
2039
5878
4703
7712
3578
2666
4698
4472
6049
236
151
6529
3565
5585
5985
4302
1568
4500
5636
1030
3502
1472
1630
5091
2712
4507
6650
4637
1259
833
7697
3568
3598
7312
5233
3039
6845
7780
2365
705
5698
612
7834
7898
3132
5906
1141
367
5387
7840
1998
1371
1559
6279
5929
7383
7554
4236
710
4632
1082
6586
5487
7351
3257
1524
4181
6778
299
7962
2510
3838
4410
487
2389
6125
7418
4934
5198
6199
2476
1120
1711
7801
5659
7287
5497
7152
916
5778
6980
7770
661
7843
3127
4872
7610
3650
952
1190
3735
2226
7200
6715
6522
902
6129
3980
8012
68
7702
6581
6065
7996
5488
7787
7109
992
1667
3377
4439
7013
2699
972
6098
2524
4695
5420
1984
3608
6462
4185
95
5130
2258
5465
216
7130
4622
2877
6005
5223
5192
5471
3515
4873
4932
2954
1604
2746
5419
3446
2284
2718
2642
2408
3087
2064
7527
1183
2224
7140
737
6610
5690
4171
911
6116
1722
2895
1986
2768
5710
1628
7415
5655
3360
4284
7786
276
565
2620
7496
316
6949
6112
5291
4454
7001
4742
3549
3514
3675
2083
5490
5100
7662
794
5073
4285
176
623
5877
2615
2650
5249
5179
3393
2800
4539
4599
7728
848
2385
971
3805
3463
2281
283
2581
1621
2973
5165
4737
5196
1546
5514
6464
5067
1058
2661
191
4692
917
2716
6176
1322
3427
1296
4933
584
4210
4323
6990
2427
4058
2976
578
3974
2778
3157
2046
4729
2210
4602
7021
4370
6669
7365
7907
7549
1641
4818
6217
124
2676
6329
3534
6002
6628
2702
6879
656
6512
7695
7682
4287
5988
7915
6044
6371
2513
489
3680
6131
3857
5172
1971
7568
5462
7956
1228
1710
3210
2720
4719
7108
3249
314
6303
1862
1127
2212
62
920
1078
3462
2217
1004
7060
2336
4268
719
4916
7330
5857
5957
1909
6386
6237
7461
265
5369
2271
7562
6931
7953
5841
4358
2265
247
5707
4947
7688
7800
6795
4166
7985
2267
1157
7832
4516
3911
2344
6866
4608
542
7861
4569
427
4562
6532
7727
815
6873
5304
348
6730
2428
1754
1188
2799
3781
7513
2397
375
7883
7389
2110
6843
4391
4387
2186
5207
5808
3998
2981
2955
5764
1389
3894
6147
5987
580
2761
6536
1915
893
4319
5507
7700
2543
2112
3106
2230
6003
7463
6662
1992
2162
7195
4839
1605
2897
7547
7284
6915
7240
7788
2927
5937
28
6420
7644
2704
3802
1173
7369
5730
7573
6571
7802
781
4954
5261
2115
4125
7725
7571
1924
2091
7189
3752
528
3770
1964
5711
4983
4616
4726
2312
3186
1097
6233
3541
5976
7279
4765
5602
7323
6861
1588
3220
2656
3382
5153
6430
3152
2855
1483
4067
1899
7935
6563
7150
5761
6773
3215
4095
5568
4691
3552
1475
6696
545
4499
6071
5505
814
6907
5596
2987
5096
6722
6037
2276
1128
6862
1048
5726
4728
7115
2188
7118
7686
4204
5518
7544
323
392
5352
5595
3714
750
2420
2057
1804
6388
6035
3715
3242
3588
6526
7618
1299
610
2483
5665
1935
5062
1182
7979
5895
6665
3583
5765
6572
6145
7171
2289
3407
5688
7516
2831
3901
128
831
117
7064
3232
4712
7243
5329
1566
7344
2491
2331
3744
5333
4103
1485
6245
5136
809
2481
6454
2381
7191
3528
7181
7379
1138
6508
789
6668
3945
1001
677
7519
7905
2751
214
5408
4209
3971
1563
1678
7275
250
3153
6637
6059
6192
5830
7625
1790
1080
4409
7724
846
2538
2493
4402
6803
7309
7257
6427
20
2292
4442
4089
4127
3539
713
6411
7827
6089
5390
2681
5149
6159
1599
1512
5481
1696
6857
655
3639
7809
6702
2398
6330
3562
4276
5592
1060
6737
5163
6766
6154
5033
1434
3372
1916
4776
6374
586
257
2069
6477
1470
505
84
4109
1016
5964
1819
5319
1688
6752
2900
5253
4484
4741
7003
2215
4772
6767
7174
2176
2499
3375
743
1949
2755
3669
361
7943
4961
2938
5211
3045
5739
2413
5274
7466
1227
4197
1514
6713
3408
6456
4653
936
5206
1217
5043
4701
4762
4852
3603
4554
7846
601
2736
1977
1646
3847
2589
3691
242
3214
5743
6942
4600
6095
6519
1990
2697
4526
4403
404
6272
7884
1111
6930
520
7026
928
1148
2193
4587
2105
3450
3595
2847
4812
2225
7964
1051
7967
1073
3320
5603
1462
7067
2321
5284
764
1302
5508
4829
3969
709
6029
7016
5728
7874
6615
7273
3530
824
1531
5370
4848
5800
7406
7833
2631
6446
4643
6422
7283
4563
4467
3584
3078
6761
6609
431
267
3181
5769
14235
2593
7730
1589
7443
1669
2837
3340
7490
1369
4654
7500
7928
6926
7179
5378
2378
2519
6782
6105
531
1541
3197
5399
6708
6616
4164
7536
3355
642
1866
7814
6293
4291
7028
4341
14614
4990
1181
6068
905
3081
6844
4419
5646
2525
7485
536
7794
4792
1525
5166
939
2382
4269
3409
3443
1036
6878
1980
4420
6232
643
7526
2984
2458
3143
7698
7648
1463
1492
7143
5046
6099
4042
287
1683
5969
1204
5802
2721
6137
3902
712
4000
5949
2198
5624
3645
2577
6489
5447
7613
6434
4601
483
6412
7836
1442
6799
1298
7069
3077
3126
2539
1024
7167
3930
1189
6014
7325
1263
7292
6342
6869
3558
393
6642
7868
7791
7193
1558
1321
803
4357
6341
5316
7711
7890
6474
4430
549
3872
5384
3686
1171
6723
2431
2014
2766
7989
2684
6932
4486
2657
1332
7627
1392
5402
7027
3051
3151
6426
3364
2405
1888
6840
42
5032
7673
3737
61
7080
1179
4334
6745
811
2434
2582
4973
6051
5856
414
96
5287
2001
4433
1282
275
56
8006
943
6514
1884
7629
7300
2319
1251
4460
576
7373
58
2191
497
15480
6631
2045
3886
6560
6130
8005
3341
5650
3327
4161
1748
1093
5721
3162
7173
6573
6064
3309
3291
605
3359
3833
6234
1610
7987
164
3222
1705
4218
1403
3767
4830
3614
5582
752
2756
4182
1013
7488
5894
7701
1323
3322
7974
5145
7288
6738
6885
4360
5182
6641
2904
5819
3027
1717
5377
1905
3903
7188
1794
6004
1931
2614
6144
2552
537
4124
6972
14
170
5777
6070
2759
6758
5362
1877
6894
7707
6338
1294
6466
5463
7920
2637
3370
1637
127
5660
6528
6317
4953
6483
6062
4806
4099
4905
2610
6629
4843
4292
5334
4196
6078
4266
6509
6700
6530
3097
7665
4369
703
2713
1278
1771
4969
1133
7831
5494
5691
2842
7035
1035
6311
5052
5496
1609
5898
6060
3576
4260
3268
1258
3775
4261
5773
1989
7159
2457
1543
3105
3276
7657
2366
1659
3855
5379
2782
6846
6028
252
4958
4949
7153
1244
7601
7088
1071
6792
6399
7321
521
5572
5238
4646
2596
5271
7409
3962
6278
5225
2454
2553
2023
4162
2092
3317
5834
647
102
1218
477
6999
1376
3458
3586
7277
2078
6441
29
2125
3694
1203
5797
3784
5109
5306
3789
4205
2739
399
249
5905
6539
1894
5709
3121
2868
1437
2360
4110
3531
6768
723
5998
4126
6552
570
2625
7672
1348
3637
5323
4863
3668
4775
4107
6747
1076
342
7048
5936
5823
2914
6360
6331
115
6906
2461
7661
5406
2511
5977
12777
1545
3624
7066
5772
2492
3136
1970
5763
3057
4619
2016
6580
6680
5718
6419
137
775
6121
5982
2518
416
4044
6123
3657
7286
6781
6516
6108
5516
3402
253
7215
2451
3896
256
7047
7433
5077
2468
7959
799
5423
944
2108
6403
4373
1427
2701
957
1372
4939
3870
7779
6076
5243
6755
3277
4374
2419
4575
4239
5853
1292
7093
5530
1914
7877
2274
3396
2060
7376
645
6627
13
7990
4915
4281
3218
1624
6178
7059
1063
14926
4198
6852
343
3387
1422
5533
2054
4021
3672
7945
5301
5827
2737
2103
3204
11551
4667
5746
2268
6902
7070
1198
2623
6239
4038
3532
6670
6024
408
7031
4154
2296
6829
7968
3787
2605
2148
1729
4959
1072
7755
7293
7995
4641
7236
7039
7919
5503
2508
6541
5417
4851
6707
1673
4786
7917
2580
2880
3646
3356
1562
2262
7777
3827
5122
4027
2400
5229
7238
5183
5466
7262
490
3678
1551
6626
7719
12670
3177
6836
3183
2621
7097
2019
2347
3088
5024
4828
4687
5133
7114
4108
5549
4145
5930
5120
6820
6225
3527
3125
770
2839
3438
15091
91
6000
634
652
4606
5887
7239
997
6966
1043
4864
6807
5059
468
5801
4585
280
3117
1723
3180
6796
4749
3225
7882
4117
7607
3863
11287
4335
7653
5393
5386
2008
7075
1738
3690
4084
273
2829
717
3024
1602
3914
4008
3666
613
90
1700
3800
6066
3441
3947
6323
7848
1135
12790
11442
3682
1226
1126
2323
3019
12123
6890
4821
3480
14069
3859
6067
2672
6185
6052
6546
3367
44
5751
7012
955
2934
4469
4733
2462
5026
6031
8374
736
1211
3653
8610
3452
2119
2757
6897
4238
1247
5221
1253
3520
4856
6537
5588
1460
933
7857
1137
4804
9513
14921
1222
6337
5509
7382
2882
2978
7737
6041
7937
1929
6055
2406
4353
372
7267
4889
4115
3331
3839
7049
3226
6817
7685
4731
4744
5973
6996
1561
7110
6589
8879
1368
3888
7947
198
1718
7538
5440
6506
8153
12121
5227
4228
5356
2705
574
5845
2734
3734
5673
12716
7328
1816
6410
4736
5542
2073
2232
6601
2167
3118
4079
11254
469
2935
6594
4657
3005
6475
6352
4237
1812
6900
3803
4096
7091
6107
5531
5340
728
3156
5176
7082
3733
12724
3376
7112
2529
3989
2801
5381
561
6555
13534
6558
5618
742
2421
8019
6898
5689
4272
2416
1597
3665
11015
6164
4683
59
13598
1405
1104
4435
1716
1533
6970
3494
7875
442
4567
4375
6183
7579
1880
2686
7604
5479
8224
1912
2579
13097
2414
907
6074
721
3022
3732
3654
7609
4195
6289
2043
5652
5305
5112
676
3239
4505
1074
11959
3321
1956
6675
6667
2017
9002
2563
4327
4982
2814
5546
296
7675
1038
8457
7938
9149
3179
3224
99
4111
6510
5896
637
3659
5677
7845
7295
14655
3047
2754
5158
8277
7922
270
6750
2214
6618
1177
807
3114
3727
3487
2080
13393
4212
7085
10163
7795
3313
6087
4459
6877
7095
4689
3362
11159
5346
7425
3997
2536
7148
8198
3374
69
5189
2027
4134
7521
3420
11152
4214
571
293
5873
6120
2795
1480
1106
6549
6918
1129
12926
5170
740
8364
5167
5768
419
1081
1903
4745
4152
2551
7197
6613
24
979
1417
1535
2574
7161
9652
3692
990
6339
614
3854
5786
2784
81
14580
6568
4999
10208
937
5838
5336
5056
4739
7971
6255
2066
2804
2403
6734
888
7166
6401
1849
908
4025
2029
3000
445
5300
3626
1194
4751
8483
3858
7442
14986
6126
1316
7946
4996
1479
5403
2187
4122
663
4446
4275
8320
6921
4980
5994
10296
3337
5556
2123
4965
3252
3175
3740
2399
2875
1603
14657
5785
5855
8324
6327
5564
5245
5482
2950
4140
7447
7354
782
7722
4065
4857
2825
3286
9399
4226
2659
5083
4150
7507
14503
1523
9881
4766
7343
2
5804
1988
15528
6209
12549
7659
5467
4207
5870
2160
5806
6365
11894
5391
6173
777
15165
6103
3518
6806
9127
3959
6920
7352
3840
2879
5543
7217
3102
4974
7473
12279
7955
15243
10631
9235
5344
9106
5868
1238
7141
15447
7581
15621
10344
13929
4672
5310
7896
9024
3704
9753
2195
7914
1034
6322
10330
5506
3266
3730
6452
1715
1691
307
12178
1670
9438
5140
6600
14584
8591
5470
1721
9297
13412
1540
3844
2516
7377
8779
12714
10543
6301
1773
5328
2796
4594
3211
15366
6336
5678
4169
984
1273
2245
11333
5921
12124
6084
7901
7631
624
6583
4833
6174
3238
5992
488
7290
832
13040
12036
13349
344
12076
4502
5295
1484
2609
3994
6964
7531
6582
6569
13065
10644
8864
46
12980
7072
14150
11735
1895
2791
8729
5443
8443
6346
4215
14727
1574
1037
4139
3811
15521
9941
13685
3063
7983
13726
4987
4381
2484
14019
3074
4991
3043
8955
4548
8326
9658
9994
3036
14832
3414
11873
6381
14226
5084
2220
14540
4597
1031
9194
6640
4924
13398
7559
6983
11357
1890
15579
10293
14098
14776
8959
7162
13828
12838
15575
7281
9124
1534
15426
10370
6654
9484
12400
2361
9965
1733
2254
7744
5283
5805
9805
11771
4414
7398
1174
4188
10048
9821
3900
4100
5168
14281
4783
2374
11631
14818
10617
6117
3814
4865
9474
6731
4968
3234
6146
15372
3500
5421
6190
7400
2604
14812
304
2059
13281
4618
4617
3451
8152
6451
6006
3160
14533
4989
5547
4506
7439
6643
6717
7111
1505
7004
11224
901
5604
12146
15193
8165
15
11714
13851
7038
1739
1225
13382
11978
7102
14690
13495
9812
11080
7468
4176
8671
5248
3681
13991
8276
11177
4685
9781
3235
15782
11725
2561
11054
6450
3104
12330
14680
7324
13937
13782
9379
3470
604
4294
12559
10511
3952
1917
12761
11042
17
1945
8896
6634
5684
5540
15478
10275
12285
842
1913
11789
15790
7963
2537
12055
3782
194
14833
12620
10258
12697
1014
14570
4971
6883
363
6521
10921
2379
2730
6363
3753
5735
5537
2692
12478
12331
1873
1107
6882
4480
1846
2300
10705
12513
1987
2949
844
2088
1883
7401
8046
4535
14547
9207
7925
1325
14642
2375
15754
13866
9618
15648
2703
13078
7164
3540
10633
8354
2726
9623
1746
10677
14527
5347
8747
4888
4492
4179
213
13568
1570
7765
4069
11314
10403
5879
14076
8640
14860
7878
10672
12446
8015
13693
12197
10577
5724
13631
10089
1852
10222
10805
5288
3207
5539
2152
1874
15231
8514
10646
4184
1565
12593
7192
767
6579
4491
4750
11065
6647
13227
2401
8007
13710
1672
6485
13213
13623
12502
6282
8672
11858
4636
2618
434
9016
8980
11027
12020
14775
9931
9851
4216
8746
6404
11698
1907
15446
10461
8139
6741
10523
8215
11156
11302
7948
9483
15720
12200
11338
6358
3236
14834
977
11961
11311
6746
1632
10095
10596
3227
2548
11369
7892
11741
7486
8902
3397
8366
14243
11133
4331
1252
12288
5128
2426
608
10667
14278
13834
6151
14373
7333
10028
7709
11366
14447
11893
15322
6940
553
4153
2118
10500
9604
10307
7696
8606
5313
2352
4488
5968
2231
6998
9800
311
11738
13511
409
11289
15309
3436
8764
10164
1363
8871
5614
11118
12360
8247
12634
8744
6373
13939
7593
14749
10664
9210
350
12440
5681
13532
14240
1380
400
5979
7530
11984
14587
5630
8083
12232
12099
5220
10581
10464
9082
5035
15222
3688
15093
15633
12448
4834
9603
6545
12704
14154
13643
8961
13918
7731
8381
13109
9341
11761
575
1730
14245
15128
5104
5075
15064
8267
12106
8977
13005
6525
5944
14568
6298
3726
8078
9889
6390
9197
8950
11079
466
13588
7327
683
15705
15187
9892
12905
15608
7392
15455
7218
11007
6094
4329
15348
14525
7849
3491
4106
1042
9695
10124
8511
11744
12290
13589
8647
14161
7557
11270
14753
8136
3314
8192
6383
14387
2514
15138
12616
5622
15323
11242
1740
8996
12154
15210
13810
14992
422
7970
14640
9460
3272
1575
12293
6276
10704
2982
1532
5817
9559
13563
11441
11462
14722
10409
391
4923
1246
628
5308
9019
14624
14875
10865
4942
8652
15577
14096
1828
9467
1416
14561
13644
12635
12874
10586
14982
2038
11272
15449
6789
3304
10858
845
15704
14519
2035
15425
8956
8932
9532
1436
6280
14774
12204
11806
4931
14324
3303
11046
8919
7132
15538
354
4047
394
12222
946
1982
8038
15111
13690
13464
9552
13962
4457
6884
14222
4779
11074
9960
9419
7605
4528
131
8705
8065
14420
10477
8641
5129
1860
13543
15671
12481
5240
6985
1116
8738
11135
13734
2006
1728
2883
6457
9837
10104
14870
12678
2236
12992
10033
7515
11031
153
9212
15516
13147
5079
7042
12531
1993
11533
10090
10142
4638
4481
2164
3950
13930
2074
7211
14541
13181
10804
768
6054
8601
13261
10831
13432
7380
1770
13179
4252
7165
3765
14997
5676
13428
3459
12590
7062
12539
15492
4758
9649
11954
5174
12644
12459
15610
14741
6385
12617
6218
7669
11785
3208
14882
15217
12391
8420
6564
14855
12648
9899
13343
13331
14252
14287
2828
11538
733
10256
11066
9874
2237
15723
7520
13936
4938
4964
3477
7477
8630
9860
9035
5590
2853
5752
10653
12666
7036
3413
11908
14877
3326
450
1476
15052
6153
7622
4892
14056
4940
15368
4798
4876
11778
10453
15016
14051
10842
15701
10598
15719
9220
3192
4041
13290
8474
10459
2507
13482
14044
10422
6824
7364
13960
12432
3876
12872
8325
13926
10501
13954
10690
9241
1233
10601
11016
10268
10314
6440
5007
6486
8767
9697
12267
2174
15668
15685
5648
4389
8554
3328
1451
9465
8416
8938
12756
6651
6072
9990
13670
10280
7078
15680
10928
4114
6736
3736
341
8732
2153
4458
11929
12270
7866
14797
9755
8900
9943
2648
9574
4020
2354
13570
8308
11836
2758
14644
14002
218
12879
4967
5644
1795
5000
7395
4655
15546
8425
12282
11998
6724
12675
7853
14671
11665
8465
15568
4630
14253
13277
7674
9952
8976
14065
10809
7850
9787
13021
4549
7508
4496
11874
11378
11192
2970
10180
11228
14445
7464
14325
8704
3741
4784
498
5019
13238
3676
13630
14581
6791
12741
15758
8221
12584
12570
5191
13909
12587
13727
13877
14457
8398
6780
14861
9870
172
6941
10712
12097
14264
9655
1889
7567
12842
14989
9735
11823
11307
11877
10175
1666
12242
8306
9946
9323
10003
15043
10129
3793
11580
914
12139
13776
12750
11694
657
11463
2025
10054
14922
10938
429
10487
14529
9005
10713
15370
4320
11635
13224
15524
1851
435
14967
7591
6678
10893
9075
12878
15086
12772
10982
4295
14337
9831
3482
12922
5204
12318
15766
12702
14313
11035
9807
13252
7350
15133
15354
15693
5042
9116
10800
7980
12762
13550
14810
1741
10773
8602
11610
89
10038
15001
495
13739
7587
5744
6027
4670
7396
8475
8360
383
14442
10491
13051
8857
2302
13425
4613
9206
1349
11067
7566
14773
1046
12249
464
10458
11241
8344
12108
10452
14546
4793
3464
10529
13673
9375
10206
15739
15098
11985
15040
169
2298
7349
10954
11148
9445
14590
13090
11999
1594
11930
13977
12462
12049
13094
8777
12253
7558
3631
9900
13590
4054
4187
7476
15390
15077
13361
14549
9599
10216
7813
15788
10265
13180
15362
10408
12355
13973
14246
12766
8284
12254
15364
4463
3324
9282
4714
9219
14761
13911
2170
2998
4883
8578
12786
14750
9144
15513
13298
8482
9543
15676
5559
2588
2158
7119
268
13875
11575
1611
15074
9974
15586
8960
5738
11657
9853
14509
10316
14414
10242
14424
12390
11481
14121
14792
9721
11777
12822
15463
9550
13537
15677
1152
6886
10069
2937
7986
5628
10542
11830
15419
15461
9487
2446
7458
11801
1261
7146
9461
8813
4593
9010
10765
11128
8233
1338
13675
15031
2731
12463
14180
13111
13322
14014
9154
8327
11911
11824
13847
10466
7785
14032
15488
4509
14641
13832
9964
12464
9133
13085
3973
9085
8985
9258
8622
12547
12610
4097
8828
5811
10744
15000
4817
14359
8092
15067
12252
10143
10603
14698
345
630
3700
15555
7138
14392
6389
9705
15046
7733
14163
8523
3007
7427
14296
6992
11211
12534
15427
4791
4094
14932
15729
13048
10834
11290
7063
5415
12613
9937
12918
8124
14867
10249
8026
1825
11268
15235
15635
14827
11392
9822
1805
12250
11245
5876
9879
15357
173
12710
5325
14314
4970
15588
8639
12734
7899
14955
6395
6943
6590
2833
9971
11922
13803
15259
8854
5611
12566
8431
10286
15367
10309
15440
14112
11034
3228
11403
12483
1623
13863
9328
13833
14938
14439
8826
15597
10353
11170
9417
9074
5788
5942
15011
13721
11294
10785
6841
9324
9562
5864
11969
10179
1047
15351
6425
13621
9254
8874
4802
9741
9632
9088
13134
2939
14453
13092
12696
1054
11673
14859
12965
10927
9083
12582
12545
13677
12327
6104
10775
14492
1792
8230
14003
12945
4349
10914
12038
3591
5270
15103
8538
2809
13800
14526
14813
9730
14289
15015
15529
6415
12019
596
8454
14425
10634
11309
3292
2277
11359
13952
12188
14377
9199
1657
2031
13767
13410
14141
10933
3161
14092
11051
8613
13024
13121
14586
13483
10708
7157
11504
3145
7487
13586
14210
13118
12626
9921
13737
12757
8013
4033
10964
15336
9770
5991
11831
5694
9639
11572
7862
10135
9462
10308
12934
11319
13314
11305
13469
7540
1176
12131
15795
6319
3523
10337
5427
4666
15469
5093
7100
14459
9320
2165
11943
14523
2259
9816
1002
4222
6648
9565
11278
9680
14721
9783
8632
8088
12744
11149
10068
11277
13167
8560
13269
4243
13414
11699
8386
3263
15400
11461
9962
13880
11647
5456
10997
8645
8618
13848
12862
6326
8468
9932
14045
9236
15503
6958
12410
10906
11004
8023
851
13191
10736
8917
8948
3664
13334
4904
11385
8654
13161
11828
10323
3195
3990
12376
12382
2624
8030
11432
8884
12798
10968
1704
12729
346
8757
9280
8441
3942
14018
15115
9727
9854
14865
12378
9663
12307
3949
8788
11126
9682
13031
10626
4867
10488
12255
9122
9586
8179
10051
11928
15690
10027
9252
2912
7670
10819
8184
13668
2651
9841
6819
8295
15452
1448
10638
2535
2501
9272
11795
13458
3822
13370
5374
13791
10283
5584
10137
10411
13099
11342
8651
15564
15171
13246
8968
4841
15263
15569
11313
15087
1975
1798
14689
5355
7592
9218
12996
13207
10984
8444
12781
15442
13811
4722
4501
14143
15190
10381
11120
9165
13530
2881
13745
15762
12380
2926
15249
10556
10835
12692
13146
11636
12523
11084
6008
13175
12622
2470
13876
10233
9922
9304
11237
12087
13601
11991
15048
13409
11283
10454
11158
13837
11561
12983
11540
6951
11094
14866
11077
8904
8307
5535
6496
13908
12126
12325
12767
9786
10073
13045
7471
14880
2780
10727
9052
9345
12664
14273
13381
8424
9954
11623
7405
9413
8545
8469
14900
15709
8860
8211
14049
14234
8881
14879
11895
6351
12492
2050
3010
9358
7756
9354
11210
13982
12001
5350
1517
15502
14530
11374
9935
556
13479
14665
1731
13514
11204
9715
3380
14361
9393
8079
10434
9143
14957
10587
2117
9547
14564
10847
539
9288
9666
6769
13378
9186
11784
8915
7678
12081
14757
15345
10322
10759
1155
13681
9641
12434
14054
6186
3610
15066
10534
8525
546
15742
14738
13498
2201
10623
9973
15675
10438
13367
12183
10197
11243
10574
12220
7098
13374
15394
14470
2024
4754
13080
14318
8816
7432
3955
8677
8168
12859
11124
9076
10467
10238
3490
3431
13328
998
12550
7611
6851
15542
15353
10481
11557
11127
11244
9391
14142
5119
8109
9373
9873
14115
9894
15083
4392
4464
13438
5758
12895
9765
10719
5703
13984
12089
9563
5416
9863
872
5829
8470
14869
5835
12975
472
9637
10774
10946
382
13758
15662
12614
10186
5154
13920
6928
15089
12519
11275
11477
6865
7413
15218
10130
11043
6888
2696
15453
15807
8253
14678
7099
11541
869
7966
9096
5085
3344
9737
14188
3544
9934
10181
11990
9764
14482
9734
14230
11506
3830
4372
6254
13538
8582
2866
15129
1331
10503
9686
13268
5619
724
4190
7367
12893
15142
3724
2965
4223
7196
12985
8197
4022
7310
2843
4016
3280
11386
9635
5971
5458
13214
2450
11898
15161
15338
13927
12030
14805
14288
13326
11525
9071
14302
11117
7855
11981
15304
14409
8022
10072
8656
12522
621
10000
11617
15174
9455
13375
7588
11613
11503
3615
13285
4382
14369
9773
3433
13576
9331
6023
15305
285
312
4128
14747
8037
4371
13823
3820
3442
15448
14274
13715
3721
2824
6595
13236
15081
9525
13288
10632
13997
9813
12142
8979
11856
10176
6119
4163
12447
4112
7220
9959
11553
2353
11995
5642
4423
8614
13728
8347
5909
13853
8476
66
8686
12911
10948
9063
10421
12482
7991
15298
13218
15433
8587
2849
10134
11197
7169
11624
3253
14055
5683
11584
1784
13946
11514
1991
10207
13635
4576
11745
12317
10803
10225
371
12944
9080
12193
11695
9749
9431
14612
11351
507
9923
765
9808
178
4288
13275
15038
7125
14999
8388
11167
9257
14731
10301
7992
8897
3489
1015
11123
12008
11510
5862
5810
9775
4046
9318
9301
9021
8605
11472
11187
14602
6753
3146
10742
7176
10787
13157
771
10676
15014
14397
11966
4943
9432
13034
12747
2474
13773
13807
695
7449
11318
15084
14218
3289
5958
10263
13629
8146
12156
10141
4778
10172
10565
10295
11434
11353
10516
7296
15765
8595
5953
13231
8131
3293
14909
8203
14488
10173
9412
1488
12805
11273
6638
11037
938
10462
12005
13093
6444
10436
12346
11878
10904
5702
7457
11712
1070
8546
14010
1750
11817
577
3135
14466
11041
9003
12336
14472
15160
10448
9506
4299
14394
1999
8279
9453
12413
1149
1921
8043
6382
8119
3046
11023
9137
15682
9315
11868
12015
4061
12663
8064
12276
15439
12569
10944
8541
10637
10063
8570
12207
11559
8658
10918
4450
4462
8106
4470
12751
8925
14344
13778
3025
133
5460
8377
9610
14575
6053
12763
6874
10864
9745
948
12728
11568
11866
3738
14656
3918
9629
8252
10335
8396
15130
14760
2207
9533
14643
12819
13595
13422
4003
10170
6887
15599
1409
9859
9716
3893
1801
14057
9538
10612
5736
333
14555
10203
2568
10507
10839
11606
12296
5459
11974
5997
562
5012
3042
10898
12263
15689
12954
12978
9150
10014
9440
15663
7806
11800
14593
9540
13122
13965
3560
13896
8473
6649
8518
4487
13797
2788
12365
2776
266
12806
7253
10046
8566
5548
5483
7033
865
10292
9684
4740
11760
715
5326
7969
10272
1085
12891
15486
9804
4937
13206
11672
8986
13506
1192
358
8271
3898
15458
10391
12816
9102
12641
6222
9342
10350
3294
8588
5259
9128
6801
12578
12175
11549
9927
12454
13985
11440
530
13249
3848
1374
13894
9123
6021
12362
8363
14001
15523
10099
7763
11227
9442
13942
11964
15158
13315
10684
11700
10821
11219
11756
9626
8086
7440
4564
14925
12946
7431
9171
10989
9269
9107
13079
6047
11324
12153
9089
12789
14182
13461
11704
14725
13912
14473
10212
4673
8118
9278
11643
14464
10630
14316
11993
13932
15620
11825
9792
12776
8850
10229
8803
12342
11308
15519
6241
6543
7993
8329
12302
7229
8345
9037
1732
12160
13125
15669
12476
12977
5717
8334
12652
14376
6281
4568
4380
11723
8407
11488
8063
9617
13679
1713
10091
15760
11310
2424
13553
9507
10583
10096
6043
11931
9073
15411
12597
1707
15694
9227
8528
12661
13211
13096
8869
6903
65
563
2521
11343
9138
9289
5814
7689
12917
10394
8147
15699
3072
8266
10515
8035
9681
1379
11885
12723
8907
10889
10156
13842
13448
9325
2018
14694
7822
1994
12438
9243
1560
2528
15547
1088
3618
10870
12561
6974
15282
10336
14354
8878
13772
9936
9222
12845
8286
15509
9468
10784
3090
11471
12979
8711
11102
8796
15270
4612
8674
14108
13770
14147
1312
11478
9555
438
14825
13220
13434
3987
14225
8963
8200
7096
14138
13257
7760
15611
12829
13245
12416
9782
14013
3806
10303
13895
6924
15195
11860
11783
9305
13353
11072
10678
11880
11730
11111
8234
12508
1516
9332
14730
14714
13916
1803
11232
15246
12489
1981
8495
4711
4105
14946
9357
5157
7338
9126
7129
11516
8644
10941
9459
10386
836
13505
9479
8451
14599
14027
4948
9567
11628
8991
13650
10117
8913
11527
8964
8142
11562
9321
11190
10248
8544
14358
12032
9926
13740
6009
14991
9051
4994
9132
5193
11397
3574
12004
14169
9490
9405
11387
13839
5265
1631
13379
14851
13235
14981
12069
12765
11483
13899
14481
15761
12455
11291
4928
8458
9968
10471
8999
10527
10008
8724
2015
10489
8697
14186
389
8609
8912
13474
11947
9056
15563
12865
14969
15101
11038
5935
8678
15465
14744
11020
6603
3008
8667
6967
4073
1210
1466
13862
14480
4123
11768
5237
13388
12192
13421
11153
3122
14411
12638
8120
5945
11537
13854
8526
10102
9163
7305
8196
8004
15149
11246
11234
13323
9601
5722
8743
4102
11413
9196
7819
13491
1163
6188
5903
11285
11570
8049
9795
368
14806
11917
3622
1100
14232
9625
13192
15423
14699
10655
10958
11507
11862
15489
8061
14371
13451
8626
12134
8499
12335
12402
3519
9285
1307
14592
14733
853
1528
2042
13646
5627
12577
14491
9587
11896
9590
15562
15587
14838
11612
7074
14601
8240
4426
7804
14890
8223
11652
6269
9344
13555
4301
13215
1220
9763
8149
3256
7612
13669
9518
7303
11779
8515
11220
5126
9471
11437
11450
11605
791
12562
10380
15725
14105
10084
12419
9643
14765
15752
4297
900
14329
13221
13067
13262
3260
8820
1644
508
11502
3543
11593
13100
8264
31
11063
1782
12273
5452
7671
13258
9855
884
14814
9195
10923
9742
5315
4697
12403
1584
8824
10559
8375
15005
5239
7830
13583
8853
8225
14297
9898
11001
6585
6498
10236
3627
6132
11997
7251
10752
4270
10957
8668
12976
15657
9948
14816
11209
9457
12393
479
12177
11169
2109
10602
15274
4048
12849
8799
6283
8351
15120
15069
12329
10178
10922
7034
11168
13033
8942
12812
14158
10974
12981
15552
13917
13796
3109
12277
11383
13760
14080
13260
10739
10897
10929
6165
2794
12120
13404
8188
11281
11683
10405
1105
13585
6576
4985
9094
9794
6058
6740
12817
15557
3708
13994
12166
1564
12738
9009
2783
1114
8126
321
11634
13527
6308
11412
13892
14043
4952
10832
8669
14700
15256
9830
12784
9928
13466
8319
114
492
14977
12856
6180
14928
9398
14012
13336
9611
4330
15459
10645
10871
7212
15691
15732
8782
11191
13718
13574
13525
10245
8841
13456
9053
15737
7419
8155
8741
7663
2090
8531
14338
13197
10161
294
1687
11235
8620
8409
3129
13678
4756
15672
10074
12281
7019
3658
8988
12000
7393
11677
11373
8491
11702
14935
10506
13558
10300
15714
6859
1944
2012
1237
15332
10034
13389
10545
15205
8670
11958
12358
673
13730
13757
12353
13189
3728
14651
11222
12699
12615
1343
8024
9865
7381
8974
14194
8162
12415
8997
14386
10234
15170
12067
759
13609
5256
13299
8227
15647
10338
13397
3478
895
10754
5888
9452
13429
11664
8341
12908
13513
11724
10999
3020
7025
4633
1619
7256
14713
15619
11424
11389
3850
13009
3748
8070
11400
10112
9691
14258
11321
255
5074
12624
9918
10399
6215
10986
7924
14783
8926
13022
12715
13615
14403
11977
4556
9142
5749
11512
11803
10934
15233
5446
13610
10369
8090
11842
4432
5759
14497
14410
10512
12982
5200
8060
8994
7008
12453
8392
7817
8273
5125
12054
8740
5645
8114
10745
8193
10375
9261
7149
11601
10725
12315
11772
13666
13240
9672
8863
2851
51
4913
6704
10741
9239
10396
5148
1932
14646
3667
8649
10109
15153
14790
14269
10549
9638
13168
5669
362
9242
9951
13923
9275
14360
13549
6905
15299
9057
8811
6742
15039
9862
8442
7994
8053
12473
15238
13815
11545
7227
12029
11398
7394
11280
8040
9669
12646
12607
12111
12988
13350
12563
7384
15191
13979
9348
4862
12999
8909
1787
4376
14237
4511
11598
9155
8172
12929
15150
13795
9777
12585
15625
4755
2070
6417
10980
3632
11468
14020
1289
8170
12510
13714
12942
1234
10943
8513
2072
12141
3569
8771
2114
14682
4309
14573
14898
14496
15137
13069
14025
7355
11764
7086
11794
9996
13392
10431
2964
2597
14171
8794
15042
8138
10555
12691
14769
10183
10551
15291
13867
10700
8151
3262
3810
8833
14363
9591
8616
14878
8551
2547
11882
3064
13766
9028
14412
12308
12229
15369
15493
13874
14192
11899
14030
9185
8370
15670
13771
14211
7469
15035
13133
7361
13775
15033
12337
3887
13013
15406
14090
15248
14528
13698
14426
2617
3001
14915
3813
15002
8029
14537
9520
15724
14571
10779
10273
6128
12427
7828
462
2733
9176
14876
1550
9568
8161
6776
14123
8085
11904
11653
9891
5519
14567
4815
13517
11292
806
9111
12397
8783
1420
6923
3798
9441
2810
5048
8480
12079
12383
2444
6798
11650
12283
2636
13083
9524
3630
4574
11847
4764
11262
11368
2802
14379
13075
12583
13697
8496
12021
9908
12627
1642
11495
14891
8829
14153
15253
8350
9213
9230
9065
9262
14294
14116
9622
9801
377
13327
11427
14606
11349
12367
13454
9335
2946
11406
11048
3305
6370
12540
3869
5779
10045
7864
14248
8708
15771
13165
10937
10730
8549
71
2644
11530
9740
8318
13142
10171
9510
1518
8358
11155
3092
5437
6808
10628
7590
6922
11029
9907
14791
2122
10710
10567
9223
4397
8873
10366
10088
5705
15382
14021
6032
4263
10840
8839
14095
13170
9069
11939
3390
334
3230
8413
14148
13354
13663
5303
8933
14743
10909
6260
9640
8503
10232
7057
15679
15318
11423
10711
4049
4148
12130
10469
10695
725
6809
5436
12984
13855
9027
2061
13688
9796
606
8204
11948
8718
6633
12159
8222
10169
9378
4036
13836
10647
12589
11535
15295
10155
12882
12645
12133
1337
11348
2638
12423
675
12629
15310
14137
9500
14339
10055
13201
15512
8102
4720
8717
15373
7841
9570
10115
14708
15637
8394
11737
7708
14398
13618
1503
9041
11889
9660
9244
10311
177
13520
13128
13217
15450
10965
10285
1360
1652
7116
8906
13528
15764
13783
12500
1547
4541
14173
1777
10861
12673
15116
13229
9872
12356
10067
2859
9338
4629
10445
8780
11528
9556
11298
15441
7117
11621
12837
12906
11986
13380
13338
2669
11529
12272
8315
7942
13188
5037
11983
10319
3358
2630
6901
10620
14862
11675
11496
15471
9589
3476
9701
7597
2037
9981
5
8751
1871
15377
12214
4451
9447
13492
12080
14947
10355
476
6815
15632
15522
3538
9949
11716
10279
11543
6194
2429
15275
14796
8154
15432
8226
13731
5812
5392
11548
8648
14291
12396
11157
8843
15189
1872
14134
9752
12125
7904
5865
14736
10536
9238
11989
15296
9893
183
9287
3600
5867
14236
2654
9040
5917
10811
9868
12740
12700
14494
11449
9573
15626
5500
12553
8934
14822
7357
15392
15589
9421
12920
9842
9732
10731
1601
8159
15476
10619
5880
5299
7378
12147
11826
9451
12050
10194
15167
11902
12794
5716
12206
7230
10036
11762
5441
9044
11418
8141
11497
11362
4363
14803
13597
5986
8313
9621
14151
11295
11569
566
13858
9818
8380
11975
2041
8888
8580
8236
15340
14193
14692
9511
11719
14303
10429
12138
8706
8629
10649
3483
12667
15748
12274
12527
15076
8713
14187
14345
13557
13645
11110
14456
15631
13562
9430
648
14423
15653
8231
14176
13625
15080
14901
8597
10571
6366
14401
14637
10891
632
11574
4485
8537
12013
11592
8521
142
10332
3860
10887
9372
15301
12240
10936
9346
2816
13975
10419
8761
10753
11024
12295
13230
15698
10410
6406
13659
5854
15618
12386
14953
2994
8288
10496
10368
8944
2175
10420
12749
11150
11729
14899
7514
9824
10061
14244
8910
9876
14077
14729
13452
2325
10599
13545
5551
448
14444
8728
181
15506
6494
9366
14532
15334
8322
12953
13502
11814
14545
5491
1457
14317
10520
9326
2151
15770
1377
9702
6333
14017
9429
9403
3547
7424
8756
9905
5943
10221
10011
15286
8156
6699
10440
5932
15144
4060
10358
5034
6833
14666
10945
15102
9845
11459
14381
9722
10522
9832
8432
9271
8379
13652
13755
14966
1815
2138
14552
11499
5339
5247
11838
12595
8265
15526
9292
15255
9017
8762
12602
11388
15316
14460
10017
1224
9597
2601
15265
14477
8051
10041
15155
2682
10687
6619
6756
14036
13971
12556
11409
3913
12035
12529
7454
13185
12919
9217
3525
14716
5832
13426
8765
14669
11661
5230
13497
4859
13164
10226
8572
9731
12853
5583
4951
5612
15123
92
6561
9877
15264
154
4004
4893
14779
13423
14720
4981
12533
1937
407
13400
233
10562
12621
1775
12488
8646
11827
11740
9916
9564
8187
11781
13196
13885
650
7123
5425
1510
14697
12468
8784
12182
12384
12056
11014
12768
8011
8882
11363
1280
15800
15360
1526
14290
15553
12688
15615
8700
10262
11596
10518
10100
13001
774
2891
5753
7219
13200
12480
12443
9473
9336
7043
6408
7614
6141
4660
6757
13961
10814
10812
5278
4832
10615
3825
10166
9426
14042
390
11840
10537
14635
11848
8969
6505
15623
15401
9038
11501
6835
4271
510
8330
8371
8272
10235
5273
10154
15131
10728
10219
14789
3563
14684
14101
14752
11443
2844
4080
10663
15683
5946
12633
10698
2155
11196
13052
11071
11757
8774
12684
10969
9472
13793
8836
8459
8922
5434
10062
10815
7054
9463
15221
7391
15327
10967
6491
3663
9416
12993
14857
12961
13376
8812
14462
14353
4344
8463
13105
14536
11188
4767
10853
14183
2222
14998
8559
6467
9225
2199
13044
9400
14484
11212
12863
7576
11217
10826
2557
3254
10642
10930
11841
9371
1648
7729
8849
14809
14254
4620
8216
12964
12018
8502
10540
15056
10910
8254
13978
9420
15356
15125
6988
10569
8163
14399
2306
5078
10101
15049
12259
6265
10302
877
7480
9495
14823
8539
12654
12114
3683
15136
2856
3330
8731
8866
5025
4347
9156
8516
3432
12801
7829
10783
13762
12572
14106
1277
11550
7916
6015
6221
10563
11843
8467
11829
13963
9339
13465
12394
13780
11936
2941
11660
9694
5098
12422
12541
3763
264
14179
15422
5972
12854
15347
12496
8471
12291
14146
10255
8628
14984
649
11414
8003
11399
9004
4253
4675
11162
1474
14802
3422
12503
5615
5824
7512
4400
1902
5010
7472
13234
9984
15457
1025
5318
8815
5959
14914
13564
8134
12395
12162
11000
12987
13228
10066
11782
9188
881
8983
8561
8202
10324
12428
4533
2727
15219
14883
15321
8990
15237
5875
8112
9306
12043
2000
14448
10138
7255
13754
5674
6834
14566
9858
10761
6849
8094
1940
13172
1026
7307
11739
12071
11807
10592
12698
4032
12219
13471
11927
8720
14135
11732
1450
12928
4920
13579
6471
12191
15678
11151
7235
14819
12334
4337
5978
9469
13309
6226
14600
6286
13713
7909
11433
12364
5566
8834
11662
11524
6520
8209
11250
8660
4199
9061
5297
8122
15810
13478
13924
10585
13689
7492
7479
13280
1712
15240
2854
13442
3853
9714
5095
13756
3533
12960
10260
12042
8143
11625
6213
2376
8653
741
3283
6855
13510
3758
471
8301
12236
13774
14429
10758
12010
10321
12170
9885
12515
6912
13950
76
15496
8282
14374
14563
9216
14622
11754
5925
10291
12994
11200
13873
8400
15479
15745
7750
9875
4131
3660
10624
8754
11708
14625
10673
3739
14996
12809
13443
1033
13366
11173
9679
8348
15591
15030
4262
10294
10978
11329
13351
229
4249
15050
7397
2611
6587
14543
13733
14964
3259
10114
13484
13291
5557
10627
8164
8478
12499
14949
13337
12548
7237
2818
13744
15409
1346
12176
12936
3155
11839
5294
8117
11946
12109
4279
6259
3345
4831
23
6307
9633
11251
10975
13633
15242
9418
4092
13355
9708
12340
10476
3722
12003
14197
12033
13999
13812
11765
14515
3503
15454
11582
4023
3966
14500
10310
13371
7127
14971
13037
12753
10490
8075
9566
7603
14110
9706
14315
14152
10681
14443
1440
9713
11113
6659
9189
9146
3824
9675
14845
1352
5429
7423
7668
3972
13095
3585
15417
11854
1353
13516
8739
14930
13665
174
868
11350
12167
10650
10384
2920
8335
14227
7539
14934
14661
9181
8292
14293
9514
15549
9067
12074
6022
15025
9048
14836
12345
8998
13010
7556
13488
9030
15539
13686
9541
8101
8947
13835
9070
3484
12083
8946
9491
3297
9846
15355
1806
11282
978
2356
12538
11492
15508
8810
8748
15229
8685
5358
15421
13255
10446
956
9129
1814
11296
2166
6042
13699
7076
8137
13701
8121
11626
13524
13884
11585
13385
13608
6831
11218
13493
12275
2945
11879
12078
12709
14821
8389
3411
13907
11863
4399
13279
7126
11965
4159
4884
14944
14113
9703
2913
13551
3141
6760
14902
15540
14058
7144
13063
6548
12841
8529
15407
241
11064
5279
9993
5354
9704
14375
9522
11248
14417
11178
14695
2261
14068
15105
14712
9644
4007
10844
8898
11731
1339
4960
9888
1386
5626
15090
13695
13319
310
13194
5009
9979
8655
8464
12044
13934
10657
13446
8312
54
14119
9383
12551
5186
13433
5502
52
4886
8261
804
10857
13560
12031
4900
12472
15203
120
15487
15585
9411
9136
9114
14617
13910
14887
2616
1679
11776
3261
10817
3581
10499
2204
6624
10402
4713
8899
13103
14740
14201
13591
8055
3873
3318
9571
14474
10012
8455
1768
15781
10843
8702
15199
14228
6405
14856
6864
9086
13062
8633
2142
11519
3702
1402
12136
12064
10791
10237
3985
12871
9097
13195
8059
8876
7073
12600
10387
15388
9820
13335
14070
159
12933
4979
12989
12532
10879
13808
14087
13749
3785
13687
13182
15757
8532
3521
12877
11476
9683
3978
9314
862
9226
8062
5975
14800
15666
14554
13582
12647
13996
15258
3164
13671
9944
1367
121
15462
1401
2477
8524
13620
8952
9788
13176
12713
13865
3944
8057
12452
3792
5060
12884
12771
8309
2475
1848
14224
13955
14607
10613
7403
6050
8140
14451
13313
10013
13662
8367
12127
14888
12677
13657
14040
8769
15755
12202
6193
10317
3094
9273
12898
7734
10532
9997
9797
219
13050
8984
11216
1052
10383
14513
3526
12100
8169
9536
14931
14583
14941
14942
8206
13307
11775
8191
328
12312
9007
9676
13680
11335
15012
13882
13672
9750
10492
7816
8406
3899
7459
13435
6987
13656
1018
6818
2228
11805
12608
5280
13694
11456
15176
10661
10348
10751
2673
1381
2959
11962
11049
8016
9844
14007
12759
14634
10987
13501
13852
5934
10266
3044
15768
14923
13857
3915
9838
11121
9355
2304
9008
3926
8087
5704
9833
8361
12774
12363
5803
5202
10994
15731
13751
13632
7360
9880
12088
14465
8624
10970
10193
10424
13098
14667
10401
9698
9012
9276
12902
5276
11274
9762
11276
4868
13396
15792
14579
6318
2139
4208
5081
14670
10535
9047
5022
9523
9592
9313
12824
14582
8859
9466
10320
4466
11751
8317
11344
12493
15630
15341
10960
14046
15789
8160
7155
11629
10652
15378
110
12690
11681
11185
15350
3233
9014
8814
12940
13011
2584
3282
13556
14990
10259
8166
9410
7128
12359
3167
9608
0
13700
14260
12782
2086
12543
11565
8294
12896
10636
1919
8579
14384
15328
8498
11253
13508
12198
11202
10820
13519
5836
6177
15013
14172
14026
11430
13738
14604
11963
6701
6100
11521
5298
15175
1879
15207
11518
8129
12909
13141
5178
11747
12261
5413
11269
13186
1274
12012
11122
14886
14723
11588
14852
12604
9298
12265
12414
8430
5629
11910
15598
12630
4386
9389
9234
14804
13957
12016
14435
10850
9751
8494
15159
9606
13722
15381
1285
8894
208
9969
15251
8017
11448
14033
5185
6575
10083
11417
8082
10414
15143
13248
12385
3037
14469
15451
6287
13129
9221
12511
9970
7535
12564
4425
685
15018
10356
5424
8250
13077
10497
2033
1857
10357
14349
9300
13604
14924
3504
4746
14485
7017
4053
3522
9542
9153
11458
7999
15517
11988
9594
4663
13787
10553
14652
1772
13030
15470
12152
12046
12490
15279
14050
15404
9498
14164
5996
14391
12537
238
8485
11360
12444
11249
13614
15418
12164
9707
15110
3638
14268
1355
6242
6191
867
14988
14676
15638
12257
2441
10188
10557
1653
14685
6297
9995
6262
9602
1429
9627
14948
12847
8032
14558
5337
7444
5541
13719
12848
3133
1431
10389
14327
8097
15216
10043
14961
8861
8801
8343
3404
8328
2747
9930
10802
12689
14653
10205
15288
2137
7635
15415
4364
7739
14406
14190
8510
11914
9502
13818
6296
10801
7746
8822
9434
271
15387
2192
6182
13499
8429
9759
4628
4264
10966
15181
15107
1823
14292
9072
12520
14063
9066
12151
13964
15413
11115
15245
4035
8412
8862
8921
13359
499
10214
12665
8298
6916
9032
10570
155
12825
7247
222
15499
11008
504
8512
8213
3425
9670
11808
15113
12821
8383
13603
11057
7717
11926
8581
9578
8880
11056
5438
11026
10903
9402
7998
8194
10900
3296
10517
732
13552
4178
1125
13893
15639
13029
10797
13759
10094
15551
10218
9729
15198
15740
14588
15007
4647
3353
8750
15154
8415
9140
14280
2836
10836
12844
5218
8577
1842
15791
9882
37
13743
15722
8753
6719
10629
13239
15576
12227
13480
9605
11709
15777
8027
11706
12467
14283
15532
9180
4495
3920
14323
14831
535
13742
15490
11685
11382
13816
13914
9546
14687
15303
15560
9803
10547
11325
10510
14531
5858
9839
680
15802
4227
4555
8071
12122
2063
13735
14837
6349
10807
9496
5706
10564
2449
13813
9157
2415
13902
6073
15326
13928
14954
15601
10118
4119
757
10770
15578
4428
15262
12301
478
13441
15008
12217
14958
9203
15794
2497
12053
7825
8778
14202
14784
226
10006
11845
7805
10689
14830
14184
13490
14209
13303
13790
1170
7133
8299
12485
11377
7154
2238
50
10990
13707
13294
10418
10760
5647
10729
10792
6547
14516
11590
3852
11062
14628
9940
12915
12719
13539
5993
13012
13330
1974
11487
15622
13035
9515
11264
12310
10519
12656
8848
10578
526
11358
14486
12811
1963
13250
5955
10950
9169
7301
14319
11748
690
15605
13944
15660
14242
13087
11915
12567
9224
10610
11857
15420
10875
5395
12576
13788
14223
1223
6577
15021
12284
13424
13222
10177
7522
13312
11900
10789
4763
8745
14755
15124
1087
8992
13972
11147
4175
3389
10793
3633
14267
15738
6010
10886
8936
4717
15530
11089
9779
8885
10721
15437
8000
8709
9975
8543
3386
5359
9945
30
9983
8274
3993
3815
14506
12657
3035
14365
15468
10210
10590
13256
8210
3416
9367
7311
5940
8635
7951
7453
15041
1335
11376
14306
9294
11659
7467
8108
13639
11620
8598
15297
4898
10342
15078
12429
13578
8556
11728
10561
14610
14871
8349
9475
443
10312
3274
8183
1109
7213
4354
12216
14489
9814
8244
13572
12172
3621
11045
11640
11972
12025
8817
2695
11428
6881
10609
14433
13587
13253
13339
15485
8540
12119
8838
14256
3846
8575
2333
10474
8886
15484
8634
10244
9448
12135
11905
13725
15572
15395
12517
2087
14357
8278
1151
1366
9231
12375
11648
12238
13904
12650
12357
7929
2811
1328
5938
592
12247
11393
10683
9250
12637
880
11759
15612
15241
12338
4177
8872
15624
13798
3385
5947
14355
14742
13286
10981
5771
7410
8663
10714
2573
11479
10376
4183
636
10724
8688
209
143
8643
15464
10432
1308
7563
8050
14933
10651
6559
12332
6435
15164
13898
9924
8972
3041
11591
11356
12823
8297
8228
11172
4800
9396
9609
1382
13616
6198
7202
9001
5775
11336
9353
9809
12212
12937
1446
6896
14048
5792
13821
11411
12887
11139
6947
14939
10191
3642
4078
13827
10149
15169
14156
8310
15023
13935
10185
11871
8905
11758
8241
258
1681
15244
11622
12662
13584
8939
10916
4787
10521
2861
7214
9179
2293
6620
14884
13102
5061
5513
11697
10417
12132
11821
13477
14440
10961
11203
14913
8547
12316
7958
9267
8617
14616
10195
13106
13390
11752
8552
12324
12458
13617
13112
5970
8342
12962
5589
9903
14024
12098
5089
8214
8487
11717
4577
13418
4441
9145
15192
11384
11436
11813
6150
11021
10686
11469
13859
14126
10874
13292
13732
8472
11489
15713
9172
9095
9023
12660
12598
11602
11009
6187
10472
15784
14620
14517
9939
14973
14705
5989
2488
10548
11987
8449
15179
10538
4899
11129
5118
11086
14943
11870
13154
4476
6533
14648
15561
10706
15135
10136
14728
3012
7234
6765
14645
7820
5262
694
6246
5574
13144
4543
12066
11213
10167
15059
13394
10668
11793
5713
7190
5770
14767
8417
14826
11666
10318
8450
15702
1315
13933
14994
11796
15596
5912
9109
10427
8763
11573
10757
3937
6368
14064
13702
168
7233
10513
8076
12470
10799
9187
13304
9175
7061
12655
15636
8501
12187
12451
15068
11755
12101
5366
8391
14261
15515
13684
14703
9869
11861
14321
14972
4512
12706
11576
8576
3774
8462
11770
11816
9045
11571
12708
8091
14787
10697
1425
8073
13018
1537
9799
13704
6294
7753
11375
11482
12573
11682
11103
13602
15574
11233
14035
4644
14574
8446
7977
11095
14824
3247
10766
13274
15319
14407
11952
4298
14498
231
14918
11252
13386
13992
4950
15565
9911
6158
4936
8536
15320
2942
11061
10158
13068
11526
14868
1110
11130
11132
6945
9191
11691
11480
8691
6554
8679
13941
10696
15212
5264
7941
10146
14212
13599
15428
3251
11903
9581
5700
2342
8889
9817
14061
12226
3845
12957
8565
7954
11696
11711
9404
15753
3745
9933
10794
6679
15429
1096
12420
9724
13829
9141
4479
12426
14659
15491
9444
7972
3751
14438
13518
8548
14894
9100
2717
1878
14178
11780
10423
8385
4995
8987
15583
10253
13809
15566
15232
14263
10859
12027
7851
12760
9551
1976
9828
8372
9665
12311
9316
7759
1362
13989
8962
12875
14896
14846
2249
7272
4976
10962
9772
6267
11444
14979
9480
15477
2130
9215
5740
14389
12851
8726
11410
15708
13819
14120
14889
11226
6416
11354
13463
9771
14348
15658
13949
15156
11876
15202
9264
14858
9910
3729
11884
13765
14093
4547
14372
15759
5003
12969
1892
15132
1985
14504
6208
9598
186
2211
7854
13440
7774
13345
12974
8176
14839
6784
4891
13830
568
12730
3187
11381
11517
10919
11923
14885
7209
2150
9906
14788
11888
14255
14511
3604
8452
11546
3907
14326
14978
7768
15600
2387
7687
11644
8696
9966
11638
9147
9791
1069
14589
458
2707
10031
11523
13983
8621
13016
8965
9337
2149
640
4885
14311
11257
15674
9914
13059
1091
4424
10480
10354
14162
12439
14266
2182
10763
8650
7940
7679
11395
4244
10433
13084
8362
8116
15079
14088
7939
15374
10776
3369
13606
7652
10614
15250
12609
7748
11658
8931
11098
9662
14778
13958
15029
10749
7872
1593
7510
9317
11332
12339
8300
10282
10854
12736
9293
9296
15580
533
13736
10127
14346
10449
12912
11872
1147
12381
9408
4696
9785
10367
2111
9205
5383
10670
7348
7106
8954
15196
9852
5162
14510
3288
15213
189
8304
125
12745
12065
15183
15497
14385
6219
9717
14795
8414
14139
12544
15661
8563
13575
12571
12868
12683
8477
15017
11597
10241
7705
10483
12950
14336
10764
6593
15306
2280
15718
8479
10525
14059
13152
1997
9802
9653
9790
12525
9193
15763
5963
8167
5956
4289
7751
11846
14951
15772
7020
13259
8596
1032
8189
8802
14427
3231
10199
9284
5719
14762
9989
13342
15106
14216
10901
4820
5558
14907
2962
8892
15504
15134
1838
10924
8368
6517
10493
12412
11655
14908
8447
8725
11087
14609
9208
8858
15361
4471
12006
1837
130
6069
14328
9334
3851
12237
7368
11920
9738
3572
2722
11175
12323
11791
195
12565
12799
11554
9406
13329
2892
15602
13114
15533
3917
11853
627
12199
9535
14548
1413
8517
14895
6962
15140
147
5137
13600
10949
10360
1040
14542
15104
14422
12294
10703
8438
5015
12707
2218
11060
12727
11750
12910
7023
5317
13158
12092
10288
9693
2988
7749
5110
12669
11017
12348
15501
13427
4984
13173
3778
53
12445
9266
9913
4132
5643
7224
10743
11096
14715
14124
10956
10363
11361
13489
12194
5450
13769
8205
11674
8285
11692
4664
11953
11960
8072
8436
10868
5861
4017
9774
2486
11945
10174
14639
5915
9915
12300
13199
13344
5593
15803
12791
9572
13204
12262
6925
3142
14631
13592
14073
15269
8742
12900
10504
15019
11906
11715
13036
14793
10656
13160
5573
5682
2690
14844
11578
2566
9492
6646
11267
11337
10415
13515
6447
14903
2542
7543
6899
1333
15541
7265
10798
12225
9059
11938
11140
11726
11611
14455
1452
5561
15178
10605
13746
681
9953
13362
15482
4133
14853
11982
15445
11558
8404
12260
9255
856
11581
12351
11419
2368
4686
3968
13806
7565
8574
5886
1859
4465
8248
7838
14772
9925
8589
4540
9866
8044
8303
11787
12788
14221
14309
15122
12309
6102
8533
14419
7628
13127
635
13302
14233
10479
12297
5457
4039
8505
953
10231
13244
14811
15071
11328
14897
2781
441
11832
11595
14945
3831
4290
6503
13113
5235
11603
3629
15186
5171
5251
9283
9757
10393
14129
13023
2264
262
12161
15271
14331
9256
15500
653
14078
8249
1161
12803
1766
11552
14968
4384
11812
12196
4310
10640
8564
1384
9433
3807
12095
9042
13117
2813
7493
15223
7404
5108
6913
9381
12475
15201
12668
15707
13512
5732
7104
8031
15644
9279
10151
12720
15595
8786
15665
9031
10856
11579
4085
13460
9092
2034
11404
7773
15582
2337
7056
5846
2862
9362
15416
12387
263
5737
15481
8182
7923
9291
6299
11346
12787
11011
14011
3128
8600
8352
11340
13825
15643
10953
2729
687
14794
9539
7897
13139
10756
10662
6721
10475
9719
13232
6666
9043
15100
12421
12588
5522
459
8795
12306
14189
3575
13547
3641
380
11710
8105
6690
7693
10851
13082
4118
14199
8953
180
14215
9464
11913
10935
9720
13845
12785
8662
15434
8966
2343
6359
11199
381
14133
12269
987
15307
14576
9810
93
9026
8631
12465
13887
3229
13864
246
4757
10162
15261
3366
12631
11494
10526
14250
9360
10572
10023
8519
11119
12606
10877
4220
13850
13638
11040
716
662
12494
12326
8875
10026
7002
5734
5884
876
8033
13333
6743
7706
15188
1625
15329
12997
8074
7714
13559
9835
13468
4351
284
15209
7767
13216
4790
11837
14739
10902
9685
5727
15726
11835
12436
11331
15073
6202
15308
3061
9503
14393
15727
15182
9233
9446
8806
8883
14128
1751
9103
12828
15365
6821
14507
2830
9664
12241
9425
14107
5086
10625
11577
10665
14952
10715
14959
10709
9173
13509
13546
9290
5831
12783
1720
11003
8066
15444
12399
11240
3123
308
8567
10788
15556
8497
9228
5151
8258
12388
788
10371
7666
1193
13042
11303
9593
13667
12116
13956
6971
5351
12711
7151
6030
14074
11099
12145
6207
12972
2269
11669
15592
8302
6830
10196
11055
14239
14726
6956
10718
5385
11371
11182
12731
10404
13143
15151
15696
13219
3284
544
12072
10495
10390
15284
13571
10884
3699
3107
8760
12694
10894
13340
10278
13237
12674
11491
13526
9079
12718
12379
10298
2792
3323
8080
10254
14927
9237
15225
7341
3083
9364
10955
10290
13871
13076
10722
4333
6025
8207
15534
12739
12742
2694
11742
12117
9011
2989
15180
10616
9049
12373
11142
14522
13886
9517
3412
15525
10119
11921
2753
8171
6814
8232
13450
3693
6739
8759
11467
10959
7388
11114
10361
4678
11421
5828
2556
9015
12110
10098
1412
9519
4572
13870
14758
12211
10015
15278
14835
12995
8259
423
12150
13061
4120
10825
3711
6612
152
15063
5608
3306
10123
9711
11493
8842
10849
3110
12060
3067
12554
6013
13786
14299
8199
4365
9826
4571
14334
11932
15333
6763
86
14828
8493
11890
9534
11069
2691
13826
10983
10040
8034
10573
3188
15325
8583
3054
1615
9246
13529
15342
8332
14016
12230
4393
14786
747
6139
12899
11583
1313
14893
14208
13794
14626
1841
387
12052
14771
11786
8773
8174
1162
8376
1567
14463
9113
2540
11390
8178
5099
8989
6551
13310
8680
8336
10093
8365
7455
9370
7422
13348
9528
2917
2447
4422
5848
14285
2919
14919
9110
10699
3834
12450
15281
15065
1317
14675
14892
9029
8238
4849
11968
11288
13057
10340
9130
4922
12625
3946
14820
12333
15146
8593
12923
13289
14748
8103
14520
10020
6904
9588
11564
13763
13987
3030
14630
15145
5695
10998
965
10478
9204
14117
12676
4557
13805
14683
9368
10979
12477
8095
13945
3361
13860
5742
15285
5528
13784
15408
14963
11633
15376
10075
11266
11656
14097
9078
12028
3889
3689
15358
8257
4246
12102
5741
13974
883
10198
13799
2520
2911
13481
10940
12521
8437
7495
10863
3295
2665
1827
8099
13729
1008
8592
2544
15545
12835
918
9575
11604
9098
12866
8642
4224
1150
13953
4232
6893
8419
11160
10755
7337
15292
3890
11818
15003
10365
12804
9458
9101
8723
8785
5150
11439
15099
5127
436
13990
15172
14668
11370
10829
14207
12203
14505
9485
1553
12858
10359
13265
7881
10215
15435
10772
8338
11907
7764
8069
5586
10484
12437
15009
10942
8373
15706
15346
9887
8870
8973
4029
8440
10823
10456
2619
4307
9422
12248
5442
6502
4233
10139
14688
12943
14084
14711
11181
10702
9537
913
12484
9340
12703
9886
8405
13202
12047
13868
6090
491
9039
3809
8058
14993
9793
3021
15700
8611
7978
9982
1053
13416
12685
15518
11032
11802
513
9526
15495
3644
7852
7623
9904
12642
10276
10412
10892
12062
10220
2332
9584
14798
10243
4452
10883
12442
10912
7564
7799
10747
1893
11176
12118
7252
13651
7225
12746
11614
14249
13241
7885
14512
4165
10315
9020
10056
12411
2749
7550
13841
13254
13251
15749
11189
9359
12507
14483
11844
7339
8790
5292
15614
8768
11078
1396
8776
7926
10441
11746
7319
15783
11452
10822
15114
2797
12955
5203
15020
10339
11707
9585
5432
6976
13447
465
7595
6823
12516
3564
12173
1407
14502
12948
11255
13149
7552
12639
11391
10252
11473
10694
13074
14976
15317
13642
10053
12286
3200
7931
10168
15767
15593
13976
8693
9890
14404
5922
8608
15793
13301
3927
7735
14383
8937
12832
14808
1099
14416
15627
9232
8460
2803
15652
13131
15273
8681
12861
13081
13541
10594
4028
8056
15673
9848
14367
12963
9760
14799
11070
15168
11451
9667
10931
2622
15197
5107
9999
15628
12857
10552
6438
10778
13318
13561
2435
7107
13504
10079
12280
10313
15379
13415
3026
4708
6418
11976
15430
13064
15226
8177
5199
8666
14103
15741
13747
12158
1680
10201
13358
11667
14231
15293
11261
272
13073
6854
10328
8052
9709
11341
13507
4293
13135
10977
9648
14551
15380
5246
11171
13038
12619
10881
1966
14985
10240
15166
13554
10740
2667
14781
4350
10880
6092
9878
10992
6258
12603
13184
8036
9439
15799
1797
8573
2263
12313
8607
12341
3936
14591
11420
11949
9443
2437
10896
15721
10733
13283
482
11144
11701
3334
10908
9659
6703
1230
3401
9099
13395
12958
10606
14071
13605
14382
8893
3116
12601
12770
14854
10016
10824
7052
11713
9504
6797
7525
5605
10224
12557
8619
14479
13921
8110
10037
12433
2966
13641
12743
12855
8448
2071
9728
9920
13676
13138
9843
6908
14131
1817
6093
11316
13636
4362
12105
15544
12165
12732
8132
13995
2051
5692
14195
8280
15047
13822
13278
12366
26
14322
6993
10855
5668
14696
13692
2227
15300
12880
10087
12827
12628
3060
6652
1045
10473
10107
13626
7624
1006
12618
12022
5474
13325
10717
5216
9131
11718
11352
2077
295
14672
3953
8135
13071
15410
8208
12389
12846
10050
10007
2990
1487
7371
734
15252
9343
8982
12040
7634
8045
12938
11509
8357
8710
10560
9620
14432
5492
10077
9182
9545
11088
15375
2565
11475
1432
9557
6048
8355
9867
4429
2367
13637
14557
15606
14965
14167
8453
14864
9148
13054
11
10128
13628
8268
8625
10723
14295
5891
11834
13155
7359
6556
12792
2852
10080
8481
13531
9395
9117
14127
14408
13753
9121
286
9998
13792
7331
7121
11555
10648
13475
10024
10374
13163
11566
7414
5524
9200
8940
13459
11263
15550
12129
14490
6167
7294
11271
6542
6709
9690
11774
13242
12591
14022
4836
13108
14681
15785
5053
13028
11935
10347
2869
15475
2131
10047
9776
12456
7578
7470
5599
3883
3916
14611
4090
4810
7089
4101
15094
8825
14638
10140
8410
8636
15127
8486
15352
11567
10297
14501
12461
8638
11485
9286
11684
12530
15200
9493
9596
1092
9152
6458
11766
6632
5365
13883
9456
15646
14598
15267
5486
10121
11599
12149
667
9397
14062
4903
3486
5173
15806
15022
4493
13696
9718
5818
8291
15570
1506
9512
12155
8220
9553
2136
9322
374
14130
10211
3979
5634
451
7533
12883
10345
3941
10039
15393
1098
14196
8235
9253
10217
11763
12834
11618
9229
13364
9333
10153
7932
9628
8914
8823
11052
14364
14006
593
14181
14874
12795
11464
14217
8530
10872
4789
4510
11891
14304
14037
538
14940
11679
9349
3009
10306
7541
9377
12045
13174
9687
395
6929
8490
12094
11445
1295
14906
12082
13817
8612
2898
14388
6101
9963
12998
1500
8048
12733
15801
10189
7494
7906
13485
2094
13124
6205
4064
5258
12299
9976
5813
11867
5036
10341
13577
10379
11108
5439
583
12505
12024
13661
12303
11006
11323
12424
13548
13070
591
15399
11720
1408
8699
10395
10895
8084
6501
12947
3287
10145
3965
14950
8287
10808
15230
4558
8263
11668
12425
15141
13888
11688
8270
12441
8296
2099
8734
12903
9482
11223
5840
13153
9712
15590
8077
15206
15389
9319
3400
8173
14562
11143
9692
14075
10157
1318
15331
13951
12680
13959
11165
13243
13072
11875
10591
12354
2500
11859
14418
4879
13750
12672
11131
13476
1839
11154
10735
5511
15290
13922
6214
8269
13266
11236
12586
8661
830
3905
5272
10052
11076
12681
10907
14149
5663
9505
12991
10582
13566
5008
11198
10465
14347
15371
7908
2359
5454
12560
10589
14649
11996
9064
4914
15214
12796
15280
11950
14608
1544
9569
8831
10132
8399
9068
13025
1378
9806
2010
14594
15061
8130
4522
8047
15054
8395
12431
8144
11453
10289
14165
13624
10669
8687
1626
1978
9958
14710
8185
12813
820
10250
9530
13801
10002
8382
9424
5826
4345
4448
15651
11951
14332
6960
15268
10750
11161
4878
2725
1831
8837
9947
12137
15312
8603
15750
9302
9248
10995
6550
6220
10032
12107
5863
10674
15108
9616
11733
11773
13287
540
3084
13417
11727
9656
1119
8283
11646
8558
13047
10852
4682
11515
12073
5774
14368
8434
15075
14219
15339
9654
10621
8993
9901
6231
8323
4256
4267
3492
4305
4361
6166
11201
6695
13462
12968
15344
4050
13305
13903
14132
14310
6842
14572
9494
847
7650
8158
10971
8924
6243
14312
12208
8665
5397
11556
11286
15474
12368
1191
5872
11372
7475
5635
8590
5217
1146
13413
14351
14081
6362
9508
9174
1664
9700
7370
4814
864
10092
12575
9986
12347
8930
10204
13682
9394
14004
7441
15483
4573
14111
398
11401
2482
1464
13622
13320
13159
7715
1786
13752
14145
2545
12695
11799
15398
12418
13284
14144
15681
15558
11901
13226
14623
14663
10485
9247
15786
15349
9309
10435
13846
9657
11589
10187
13619
925
4545
13768
11101
7122
10508
10372
1297
14596
8535
10246
4530
9330
9909
10972
405
12973
8832
5194
8426
13308
11532
10771
13988
7654
12115
6247
9938
13272
12658
12959
6689
15072
15215
7826
5745
3159
13503
8333
1458
15330
8337
13360
8397
12705
13804
5159
3343
5080
10846
1925
3454
10120
10533
14083
3378
1947
11265
843
3754
8766
15266
11851
6783
13640
13789
10327
15314
15397
4037
11059
5431
10746
9260
39
13569
6210
11330
10579
193
12034
11394
15507
10888
11474
1519
12239
11322
13027
1334
3033
5550
15505
14476
10059
11306
11116
6553
14849
10622
760
10058
6161
8981
10509
8735
2906
7606
12486
12058
5637
11607
10748
6335
3381
14983
3307
8107
11539
15220
2974
8028
11138
14320
4241
8995
13913
8775
15163
8418
14034
10406
4846
1241
11010
14265
9668
14815
10202
15808
1254
13058
12180
6870
14518
8346
202
8245
6954
15684
8891
13824
8971
14446
9164
15343
14378
8830
13777
14956
11039
2052
10064
13107
8637
6617
7716
11225
10737
10996
7226
14066
11994
13472
12712
13282
14031
5923
13723
10796
10885
10505
9183
9902
15581
9387
12023
12815
4861
14214
15443
12612
9090
3924
12148
7258
13878
12580
14343
849
10455
2980
10528
12892
12377
8594
9240
4077
9811
688
8433
11320
230
12931
11944
15313
13225
433
10827
12605
11619
3335
12075
8456
2522
3862
6867
6136
12970
11925
13276
14400
9055
15184
14089
12407
10284
13055
11018
1090
11247
572
10382
11670
13940
10005
9268
14082
11955
15613
9034
10025
15096
1215
9119
7529
13535
9531
10247
2863
2294
13402
14335
7254
12552
10385
8550
10905
8808
12268
14091
496
11238
9184
11334
11030
15414
15402
12371
11396
11594
6356
15412
9347
8707
1115
3884
9612
4151
11797
12471
8157
15277
10926
10546
10160
6664
12185
9961
15780
288
12322
277
10267
9619
12349
11811
12096
14200
12752
6268
13494
417
12701
6196
1727
8895
12128
3426
3348
10097
10349
9135
3173
9201
12498
12986
5338
15787
9736
10720
12409
9477
14912
10085
14706
10786
14475
9415
14850
1370
13901
2532
8340
12535
15062
9478
13455
15697
14843
11743
4707
11460
4677
3279
9435
6989
11637
9295
8918
10326
13132
15359
3790
13420
8694
4570
10200
14633
12876
15607
12971
1305
13401
12514
1592
9084
2808
12869
1818
7782
11971
6608
14205
1887
13003
3379
15776
3829
10305
8800
2991
12213
5105
7783
1661
7317
12818
14272
14691
11563
11511
8797
15711
12298
15118
4189
6320
4508
10230
15058
10911
8920
3388
13654
9312
11415
13171
13399
13145
9428
15234
13653
14565
15224
512
13712
15396
11347
8081
14136
14817
8293
13708
15147
9388
4098
3611
15109
6604
2693
14168
12870
14553
3246
10437
11508
14917
12343
14072
7268
105
13703
15640
10463
12157
13889
7205
13444
15775
10125
2377
15667
8722
6135
12889
14603
13120
11315
12596
13611
12304
13544
12246
12894
11455
10223
13522
14650
13431
13711
15092
11616
14102
10144
12764
10251
401
12372
11239
13140
870
157
9450
14605
2459
13091
6134
12352
14415
4927
12090
15032
11609
13900
14701
14468
14499
14487
12408
10588
15747
13540
5871
8401
11186
14559
9827
7304
13720
10460
15438
12780
10152
8844
10082
4416
6599
8715
1758
14662
10790
14140
9967
11641
3832
3871
3773
1896
14333
10795
7796
8387
2246
8461
15494
11012
11933
14577
11299
6596
10494
8789
8553
10035
5625
11693
12836
12328
12526
12061
4355
3999
7895
8089
10862
5571
1130
14693
12011
12037
13761
5222
12512
10600
11380
13208
8145
13487
10641
14370
13387
8068
11230
4853
11002
6344
5755
14724
4303
13573
12201
12927
2286
10611
8676
11312
5018
14421
10133
11141
3643
13915
12320
11416
4280
10726
11547
12852
9825
8042
493
11703
12935
4944
14840
691
2472
10890
8719
2485
11193
13321
14413
9050
291
13046
9636
4635
12370
618
11663
8749
9486
8021
12778
15716
12251
9576
11260
13151
4819
2011
13594
9259
15467
1121
10486
13612
14660
10364
1936
14848
1314
9120
6248
9580
10643
9134
9006
6524
15097
11194
501
2961
8251
8339
15335
14330
7747
13486
14556
12401
13649
12860
13593
13968
5920
9022
13406
10018
12169
13357
9554
6238
14768
11058
418
2633
15686
14538
9281
13007
9277
4011
13542
12659
13148
13655
8793
14471
13056
10165
6684
9033
6285
12063
7261
8148
8689
2951
4026
13311
13931
10988
13724
10373
8698
9583
14461
457
175
326
12939
4136
12168
14467
12113
4649
8508
10190
8690
6566
10271
12925
8175
12497
8201
14259
13373
15276
9380
9516
14305
15010
14911
2827
6827
2744
13717
15779
8901
12518
10539
15119
14067
13897
4702
12234
8484
9549
10329
9249
8957
12737
4521
9560
13709
14220
10426
5675
8928
9521
14920
12881
14275
9489
14114
6261
9527
9600
10397
12163
9329
6493
4326
10558
704
13844
10269
11544
5103
10692
15746
13116
1187
5587
11934
14937
1264
9696
11852
12636
2248
428
1745
10451
9307
13203
11109
4234
14613
3757
12091
12314
13706
9263
9437
15173
12221
13066
8218
9352
13187
5367
9819
6380
14936
8684
10688
12009
184
10932
5696
9161
10442
12914
10608
12956
11912
4254
14366
13006
7291
15403
9871
12930
930
9950
9384
3797
12990
1290
857
9883
8714
10147
7068
14198
1342
15773
13041
10566
11466
8411
12967
9548
10468
7198
4546
3202
11520
13872
11164
14395
12017
9125
631
9481
1270
9299
8941
332
11025
3444
2100
14847
13521
15472
15809
11327
9972
9488
12501
1443
552
12479
1633
8212
6036
9942
9646
13293
7044
9151
15055
13869
13430
14756
13764
7313
10192
9849
13849
6284
7630
3570
10781
11229
13838
14754
8506
12186
5954
10985
8289
9834
1959
15045
10878
11205
10334
15260
14677
11586
14099
13607
10450
3933
15460
8927
8316
5097
5967
9651
10899
519
5712
2113
6414
14079
7930
7910
15559
9674
6109
13966
6127
15703
2870
11425
13205
15736
669
15514
2817
11881
2823
12546
12873
8445
11044
8945
1791
12287
6240
11085
2555
10352
15095
9710
14155
7793
11909
15121
6085
14841
8978
11013
6384
10439
11258
14704
2848
13296
13043
9561
2311
12289
9957
9754
8098
1414
9798
3940
14238
11407
8970
11956
11075
10304
6535
15162
8190
5621
4201
11869
11050
13890
8949
10659
13110
10635
12840
6372
15436
10991
6448
735
5161
8500
12435
8180
10584
13297
14735
8067
12682
12653
3908
9726
14569
9414
5002
12406
13567
4690
1139
7976
4356
15629
2826
12077
12026
12913
9917
9671
5820
6111
11402
11426
12769
14916
9647
10498
10707
13439
4529
243
12209
15571
1499
12321
15431
10973
12726
2664
10544
8281
13183
6578
9118
10116
714
13019
3819
15247
15384
10666
8903
11689
9407
11630
14008
4752
7691
12469
516
11447
10952
474
14514
11365
15424
14247
15157
12830
15204
9054
2157
11081
9768
9470
8736
8571
9198
9607
14437
9209
6206
14737
12623
7147
9544
7366
13925
13831
4338
14718
13273
13405
10122
8787
8908
8369
14782
9363
7065
4394
8534
8181
10270
4747
6138
14618
13002
9529
10816
11850
4005
12264
5795
10917
15085
2388
11206
10762
8408
14431
11146
12640
13500
8427
8557
12921
4860
13193
2645
13906
8673
15070
12643
11822
12568
3939
8435
9673
10876
766
10044
10105
9985
2992
10531
8867
14960
11345
5066
2708
1482
10111
11678
12292
8255
14910
10639
14356
5999
3943
9577
12907
5453
8818
10065
12495
1753
8237
1946
14271
7732
8692
1702
7598
12140
5038
9823
10457
14763
12800
10837
13981
13407
8008
10976
15567
7131
9912
8133
14000
14039
4986
10604
14454
11973
14777
14707
4850
2715
4497
13453
13905
1468
4444
14881
10873
10658
13523
7322
10920
11457
11886
14160
15734
9688
15386
9112
13089
6377
14029
4704
3124
1395
13015
7528
1154
12594
9386
4130
14751
6676
14262
13198
10947
15769
14764
13533
13691
2340
6607
9743
12093
12084
15053
9081
12850
13150
3594
11405
11134
12717
8195
10228
4992
11221
11980
14009
15728
12924
9977
10076
10838
14279
10430
5184
14053
5106
9857
13356
15315
10057
6754
10049
7318
6250
8682
14229
10524
8701
12504
6479
10777
4158
10482
15548
14842
4406
33
11231
11522
10607
481
3747
8390
11097
3434
12611
4436
11513
3516
8100
9105
9784
13993
7523
12679
15026
2386
11093
8314
9245
13419
7474
7797
4525
12725
6361
2469
15028
14905
13596
11536
3221
12068
9270
9501
12405
9351
14213
3485
4603
14086
14766
7594
12820
5493
9087
494
12278
9376
3016
14060
9251
9747
10030
9689
8353
12369
15756
13316
11304
12867
13580
11300
8807
11284
13263
4609
14493
12758
14615
14286
14284
14436
5468
13317
13674
787
12592
1164
7745
2724
9385
10444
1131
12457
14807
6407
9166
9582
13341
11940
3384
12932
10654
543
5525
9746
6169
3068
13190
12890
13177
11367
14441
13967
10103
10299
9265
9756
12014
9454
15294
11179
8951
4385
14350
11753
10021
11073
8321
15659
2178
11600
3062
4723
12735
2440
11105
9780
14298
13536
10416
14578
9980
14276
8403
10810
6955
11769
13372
11810
7577
8093
11560
14307
11615
1175
909
7451
12189
966
7690
8716
14632
6860
15126
10182
8615
14434
14544
4823
10261
7784
14047
8683
7811
8804
13943
5411
5852
2007
6487
12051
11815
8246
9077
12224
13948
11364
12195
12649
4869
5422
13053
8290
7664
11676
4366
13969
9091
13496
7818
6677
14094
13411
4129
15609
5532
8217
5065
6927
14005
15796
8865
4186
2732
8943
8393
14929
14770
12171
12205
14962
9350
13627
8599
10939
14270
12404
12466
8827
11408
12581
8305
456
14449
6086
9789
4203
6772
11833
10576
13123
9761
14560
8887
11887
11174
15695
15798
14157
6969
14785
6671
9427
12686
10378
10806
4024
13879
232
12070
15148
13267
8840
12807
10848
11490
11654
4651
14495
929
8730
5023
4730
12007
12542
9000
1068
3779
9409
9744
13026
3139
879
14995
15456
11941
2140
14647
15642
11125
12952
8781
2177
15687
15088
11019
5131
8359
7900
3906
4866
11979
14627
823
8604
5984
7390
15139
13457
6694
9758
13000
12184
12392
5348
6140
15337
10769
14340
8111
11820
12833
14396
10343
11792
9361
13840
10685
15473
1979
4538
6492
13437
12941
6895
11090
8356
12797
10106
8675
10680
11486
14732
13368
13891
9613
13467
4192
5565
10716
12417
14975
12258
15649
14734
7509
6266
10019
2675
12748
6800
14452
12632
10675
9062
14052
13779
10001
1304
15385
12487
9060
3098
9274
14745
1044
4797
15712
11470
11608
8758
14177
9190
10287
4401
12916
9327
10333
10813
9769
11864
13039
5353
9895
13162
14402
11379
3821
12810
9624
14159
14300
15654
6110
14686
10913
15805
11855
11184
4906
14241
617
5372
13856
12888
11112
12210
13785
2370
1938
15383
6779
4006
9158
13980
10351
15804
11736
8127
402
8835
10671
11916
6759
2760
2629
15006
8422
5011
9978
11163
11422
14719
2683
15208
1242
10618
11849
9642
9634
11326
11208
14203
11721
11091
15027
14308
13919
11207
11819
15112
964
9614
11505
11809
9159
10362
14654
9955
9036
8239
13445
1350
11918
12721
9988
11214
13020
9992
6300
1256
9365
13270
15511
5913
13004
6853
15117
8809
9929
10882
12181
10860
14100
10580
14405
12886
15057
13363
9861
1329
3258
15004
10830
13947
10866
10470
11587
13014
9308
1802
12059
4296
7965
12350
10597
8150
4788
318
10734
13683
13178
12430
13660
13391
4348
15710
9558
8466
10828
4715
14717
15363
14829
11804
12773
4229
9509
14125
11897
5510
15733
14118
12793
4034
15060
9987
8755
12235
14801
13247
10660
14664
10925
12086
13843
8520
11632
11992
8695
2728
15254
5536
8657
14282
365
12228
3590
13802
11919
10867
10682
4520
3115
7270
4855
8039
14450
9192
2179
14679
8703
10150
5794
12579
923
5837
15735
2047
3612
9595
11865
795
7542
14166
8096
2867
15324
6310
8507
9836
11435
12266
10554
11107
6061
10325
7863
8242
10377
14619
10159
4611
14015
11100
10502
10400
12901
7053
6973
12779
10768
10575
11705
9168
14534
8331
9631
11215
14362
10530
12966
11937
15688
10346
8821
15573
14257
15405
12831
9025
3964
9677
5833
9162
10086
5512
14709
8527
12256
9767
5160
11790
12671
12814
12190
13223
2465
9108
10593
11279
11317
6770
3661
9356
10732
12179
2438
12651
14352
15751
239
12775
11180
13403
13986
15283
10227
8256
12491
12245
1245
6197
15616
15743
9160
14658
10274
8659
11967
6251
15778
13408
14987
2026
10425
10277
11722
3508
9449
7058
9167
14872
364
14674
12843
9436
12104
10388
13861
1011
7880
9733
8712
14428
7336
3762
12057
9699
15257
3616
8935
11500
10398
11137
12524
220
3448
14122
9896
11957
2790
8851
11892
14174
4897
14191
15641
10209
9115
10022
11022
2632
11047
11259
14980
9374
8569
7761
4743
1764
10595
12808
14185
15664
13377
1765
11942
12112
808
3799
13295
9497
13741
10110
13383
10257
8721
14621
2028
4957
8923
8798
9991
15774
3599
188
13369
11293
9661
6369
15034
10264
5473
7704
10951
12574
3957
15498
8104
6478
14863
2752
11301
12754
9630
611
9645
8890
10113
10514
8219
13748
10126
10550
15604
5924
13233
15177
8229
4623
10184
9725
11686
5141
8623
13613
6986
12174
1257
1509
12041
10081
9678
10148
10108
14341
6392
14904
13017
13820
15603
8014
13049
2448
9369
15536
12826
11446
10767
12693
4339
8772
12215
4544
14780
3956
10915
13998
11106
11431
3011
1375
14458
8421
10447
11454
10042
4012
12885
11798
14629
10428
15185
4816
13634
8967
8428
9303
2840
8791
83
8845
8555
11195
11053
15634
7246
8522
15051
9423
13346
10818
9840
7260
13938
8911
13347
12536
5219
8770
4524
13306
11645
9382
12374
4321
15082
8877
11465
7199
11883
1019
8737
7580
4259
6428
15152
11036
5850
9739
4926
14508
13436
8488
7201
8819
79
9392
1158
11788
4551
12002
12231
5302
4621
10841
11690
8727
12319
5560
8916
11033
14746
9723
8568
13881
13470
15228
9046
7299
11542
15656
8868
3219
11649
13136
3003
13008
9815
8792
8128
15655
4604
5693
8856
3698
9847
11166
8489
14702
12223
12344
4826
9829
8262
1084
12460
2466
12039
1572
11068
14585
15024
4553
8929
14673
7762
7326
15044
14023
1428
3592
14430
9202
2206
13581
10004
447
1027
12904
11767
13156
10443
3593
12864
10010
6033
14970
15466
7375
13104
6295
15537
9897
10392
1767
14277
11639
12897
10738
14873
514
12449
1598
12802
9211
14539
12233
15194
3339
8123
15272
12839
9499
14109
13324
13032
9401
11627
8542
9650
15535
707
13209
11651
14204
8186
9850
7859
8054
2643
10993
11136
3467
9864
10009
11534
14478
4340
11438
10331
13384
9013
11082
11355
3170
8846
12722
2328
8243
15391
6343
525
13814
9139
11531
8439
3556
139
12398
11924
4311
289
15692
13449
12558
1810
8752
1800
8585
15715
2489
12361
15227
11642
14041
12305
6592
5124
12143
15510
15531
15730
10407
9884
7084
13264
2455
7718
11005
7481
13664
13332
664
14170
8855
6413
13166
3996
4412
7553
14342
10071
13716
1144
10833
9170
6142
15645
13300
21
9104
620
11970
14521
2626
12144
11484
12506
1456
14038
12555
13101
2380
463
8509
14597
13137
10281
9390
11083
810
11429
10780
15287
13119
15617
1281
9311
2517
11092
13705
10845
12949
13088
5866
10782
14175
6872
14085
3308
13648
5616
8423
12599
14206
10239
13365
8260
10131
12755
3080
15717
15554
10060
14550
7534
10413
11671
699
4250
6445
14028
8275
14251
15797
13781
11256
9018
11687
6991
8852
13271
13647
3278
15311
13352
14380
8975
14974
11104
5341
9766
9579
8664
3093
8562
6228
9748
6570
10691
6762
8492
8311
12243
15236
13212
9058
12085
11183
12048
8025
8115
10568
13210
12244
5101
15543
1714
12528
6275
5181
5844
13126
9778
3271
13658
3909
14759
8586
8584
4489
11145
8125
10078
12687
1955
14535
9177
9919
14390
11734
15594
15650
10963
8504
9310
8847
15520
15211
9476
12271
12218
11749
8733
13060
3509
12509
13169
5236
9214
6565
15527
6152
837
8402
8020
10701
12951
5021
12103
8958
10541
8041
15584
12474
11297
3383
6978
1796
10869
7271
8378
14524
10693
2116
13130
3673
8805
9093
5282
15239
5754
10213
5330
15744
4324
10679
14104
4882
13970
15036
14595
11498
1869
15302
9956
322
11680
13565
11339
14636
13086
5606
9856
3988
7182
6965
14301
6325
11028
8627
2310
13473
4801
10070
9615
10029
13115
5376
9178
15289
700
15037
8384
8113
