2
10
7
1
42
8
23
3
476
6
4
1033
52
29
61
27
382
48
22
477
858
5
551
1093
424
394
9
857
25
630
64
1122
21
654
57
2182
552
66
16
53
11
87
902
470
601
54
1051
1113
62
580
846
1092
439
2203
844
39
208
492
491
1067
818
973
32
457
869
923
17
102
905
863
2492
50
20
118
2413
860
181
101
867
132
924
1109
77
35
540
438
535
395
2191
389
1197
442
19
632
1286
900
1091
859
130
133
550
451
1404
848
60
410
537
2195
58
1046
197
384
63
249
106
2316
915
40
421
13
65
845
548
44
553
536
1119
2314
212
996
830
484
49
1080
939
78
865
408
2591
111
877
2196
960
36
1087
563
820
411
921
1312
1044
447
392
2601
875
2205
2615
1287
903
821
258
2207
1138
2217
961
1338
862
541
409
1047
2651
200
1001
1339
2194
2564
2415
663
927
972
385
103
2612
538
1205
1376
849
901
2545
1004
539
1375
1347
1729
474
627
1060
931
134
430
571
956
543
109
2219
2618
855
488
2630
904
390
2179
26
2565
2307
1559
2429
246
1486
542
440
93
2225
631
71
1473
2616
626
1730
172
1045
490
947
2200
401
73
120
243
217
88
1909
819
1383
455
1018
1908
373
620
1296
1414
511
1302
1722
837
562
2453
864
2402
1373
1103
929
854
772
1054
559
402
2188
272
2483
547
1086
2403
2592
2486
2418
2497
1783
1961
418
1939
450
437
1862
1041
757
1575
2610
2221
893
59
2409
407
995
1419
872
46
510
734
383
621
1031
1289
472
988
954
2266
1042
701
2445
479
2204
420
1038
1222
1732
413
2426
2567
868
852
405
1799
346
2376
1993
1822
2407
2395
1388
761
1050
1048
717
2417
2026
1410
2589
2253
797
942
1542
496
2682
662
2222
2320
1956
1010
917
1183
1714
364
623
633
1455
1000
1425
2399
2405
660
690
2544
366
922
2598
981
2050
565
2230
962
2277
622
422
853
2053
549
129
1245
2398
2324
1742
2566
2472
245
1336
1706
983
2228
2388
1398
1034
1612
2149
1424
2679
380
1491
177
1317
775
448
2433
526
2634
1232
2235
1630
115
829
1484
1206
1881
2419
2617
985
432
817
251
2662
702
2690
1726
2628
2427
992
1871
1029
2540
2325
2265
1735
2698
1622
391
1517
184
625
2309
2287
919
112
800
1718
2321
2294
2224
2378
2691
2263
1678
2627
2462
843
2629
1498
460
253
2213
1896
836
494
2507
1572
957
914
98
1246
1463
738
888
2158
414
1507
629
2487
2387
1487
1115
193
1577
2444
2242
2319
564
2450
512
2183
1202
2603
18
2465
1518
165
155
851
434
2699
2227
2490
2451
1753
802
2475
504
2454
841
68
959
1516
2396
2473
2638
566
463
1551
994
523
220
1052
381
419
107
784
2478
425
2229
28
2391
624
304
826
388
2441
2455
1459
471
1236
433
1562
1553
2323
2241
794
814
951
1566
1088
1198
1406
508
2476
1855
2214
2597
371
1981
1694
416
2648
913
1895
949
497
911
1049
1429
1775
2082
1541
2223
685
459
993
2197
1646
1815
126
1442
1002
1299
1233
51
396
2145
528
2174
1631
475
1055
2600
506
1284
1891
480
2401
974
835
2548
1313
2322
2262
2420
700
1108
2394
1420
1403
229
2027
975
174
1719
2560
1894
82
718
222
605
1448
2658
1391
1782
429
933
1104
423
2315
870
1665
468
444
234
493
2386
980
192
1030
2705
850
2624
928
498
462
2464
984
110
1017
612
94
2206
1028
1538
242
1056
1999
2291
1851
1230
1469
2474
1959
505
790
449
4679
166
2289
2613
671
2317
514
1112
2176
2574
628
519
695
2185
925
1335
595
236
861
2681
487
127
179
178
2408
83
1625
749
2342
2463
2425
187
884
1621
831
86
2251
1003
1905
469
2434
495
1798
2577
1675
119
1564
792
1560
2189
1310
2305
907
1873
2184
906
3671
1151
990
687
145
108
4115
2393
2410
2404
55
6298
1105
1723
2132
1397
2693
173
1384
1739
2392
1084
1152
2412
2557
1850
1476
2135
2234
1475
751
1918
5371
2308
1599
2553
1368
2269
6401
955
2318
977
619
1211
2110
4106
1793
6338
2452
834
2416
1499
2114
2461
932
2511
2004
1337
1402
1741
2611
1005
1372
1642
2090
138
2641
6369
3437
5333
2264
1043
2248
2736
1039
2389
1035
2594
916
465
1386
1062
2252
824
1637
1249
2671
874
445
417
99
585
762
464
856
896
6246
991
2024
454
43
1847
1275
2650
5385
3532
2282
686
1550
1288
895
1972
1996
3629
377
4409
1361
2310
406
372
2190
2647
123
473
3760
1262
281
5240
1561
5852
5993
2337
3590
453
4249
833
227
1256
4590
161
2509
2276
5418
1474
2280
576
5432
4610
1966
3066
2534
2261
5427
2143
5598
2549
248
950
6299
1835
1916
6222
34
5520
5264
4390
1089
5173
5499
6462
2201
4609
2543
397
2927
3082
4447
4693
386
6343
3588
658
1578
5595
3268
1554
5823
1340
1432
5509
6274
2942
2488
6461
787
6213
1601
1280
5841
6357
4001
659
1452
100
4322
1806
3340
2456
5055
5081
3240
3940
2423
1807
1687
698
3508
3457
2014
3053
3304
2038
4306
4019
4671
3170
6438
3711
5937
610
2570
6439
4512
6038
4226
1614
2704
3044
3317
3880
2286
5600
2250
691
4318
710
4970
2596
722
2063
2390
2626
3227
2237
501
866
6295
5083
1097
723
2273
1589
5930
3124
4747
6267
1658
3928
5511
4238
6448
2526
643
3704
4107
5785
4255
3135
3324
3578
2541
2166
3149
6280
639
2116
3797
5177
4338
2259
3970
3471
4179
5213
4949
6344
4076
5332
5712
4032
3406
206
3310
3076
4028
6107
3041
3731
358
5800
3002
175
3359
2655
978
1821
2029
1509
0
4592
4605
6474
3602
5682
2142
3074
3068
3818
4627
3247
3356
3481
4595
3098
5022
4749
4127
121
5883
1648
2796
6118
3419
224
2915
3835
2864
3851
292
726
572
4121
4557
3372
4014
5279
2267
2514
3351
2954
1242
5283
4934
2329
5269
2302
681
3654
3567
2940
1690
3701
4367
2744
3986
5773
2606
6382
5626
4216
4550
720
4283
640
6470
1369
4855
4317
2192
5703
6000
4131
3852
3544
5572
2162
5175
6035
3857
1343
5138
1640
4063
3371
1669
5321
2966
1617
5963
3510
6355
2748
6336
1026
67
1880
5486
3807
1133
5882
5926
4256
5473
6175
6372
6145
5563
2874
2789
1120
1344
4230
3308
4280
1470
3273
4843
1635
3087
4196
5384
2202
3391
4891
2098
3875
5389
1501
3255
1661
4821
2741
6133
5531
5086
5345
3131
1867
2806
5386
1076
642
4646
3015
3987
4898
1920
4886
266
5048
2446
2562
5212
1412
336
808
1364
2702
556
6043
3290
2018
6442
4493
2955
4203
4789
5424
5445
2293
2911
1893
6122
3322
2636
4687
5900
1370
5585
5155
4440
5235
5764
3150
2795
714
5019
5466
1506
6271
699
1668
5909
4113
2865
1510
3975
4839
1795
2807
5655
5429
4714
1314
6087
1628
3427
1809
4176
1752
5968
5925
6014
4479
521
4658
3961
2668
4695
4967
1765
2547
3246
5842
5085
2772
5979
5821
1258
5850
5628
4971
2023
577
1349
4198
5251
1689
2711
2848
4759
3678
2708
239
1282
3872
3017
618
1274
4931
3920
4703
4173
1380
2733
5134
2804
3612
788
6108
4689
1292
6258
2133
3687
6233
5619
3034
2148
4686
2061
2759
3726
2017
81
5945
1978
1480
5485
6056
4305
4400
1521
2818
2379
3360
5268
5443
5932
3383
4535
2734
3193
3091
2079
2755
3972
3752
3815
6403
6180
2515
4505
527
3130
170
1485
4829
4000
2845
801
1843
3643
4295
1771
5515
731
1671
4018
696
3286
3788
1273
1148
1158
1888
2883
3912
3270
1352
5970
1290
1711
435
5040
2226
2914
4868
4890
5498
1016
6345
5141
616
2106
156
5508
6040
4030
2888
6328
2659
368
2111
2479
3693
5725
3595
1434
4672
5334
2363
2312
597
2921
5197
3893
3847
2512
3964
1226
2089
5782
646
803
2528
342
1192
4088
3463
4543
334
3999
3328
1568
328
4064
362
3586
6468
3692
1390
1975
3276
744
3303
3750
74
6090
5275
5518
4527
1616
3497
4332
4800
4099
4382
2720
2922
6360
6242
5202
3725
767
531
3526
3621
2006
1592
3781
3688
3684
1224
2360
2661
4386
3996
6150
4922
3727
5957
393
6086
290
4467
2740
763
1573
1986
2336
4044
5680
33
5287
5129
5031
5740
4148
6088
4084
1688
1381
4767
1563
3663
3606
909
4630
4276
1721
6080
6237
3958
4751
3476
341
2902
3474
3773
4598
3018
1465
2211
1037
265
4564
3607
2327
5629
3703
3548
4637
5370
2757
5714
3144
3275
5189
2137
5653
1208
5618
2982
3315
2822
2928
2175
2025
5247
680
4057
6142
2124
5696
3742
4739
5496
347
4640
5106
6289
5690
3715
3212
5461
3879
4741
3945
4933
387
6021
3161
5594
5161
4457
2685
3746
1816
2726
3981
4979
4744
5407
1141
3600
2946
689
3203
3939
4597
4755
5317
3798
3814
1160
1937
2481
6121
5070
4932
2503
4460
3395
4423
4902
4774
5492
2769
3288
3046
5313
2432
6174
2889
3846
3691
3618
6082
5403
5243
5559
1020
2092
6428
4128
4614
4363
2729
3787
697
5999
1965
1970
5739
5702
4780
3861
4135
6457
609
5013
1326
4413
4913
5328
3769
4112
1979
5059
5067
2793
5335
5151
1407
5046
2216
524
2178
1433
6096
2979
3192
2620
5507
1094
6268
1244
1759
894
5423
4181
5693
5037
6263
650
1587
5834
1212
636
4765
557
4187
4540
742
5156
5362
5638
3862
461
569
4582
5880
6058
4336
4987
6034
4702
1674
3424
4012
4546
3375
2258
3479
436
369
4074
5884
4341
2581
1155
3477
4182
6205
3926
1063
5024
1379
5434
3291
2788
3412
1591
4017
1179
1537
5513
606
4875
4015
3735
4707
1134
5890
2608
781
4175
6431
6443
6208
1495
6048
719
1053
1216
1610
176
3200
5570
5995
318
2602
1963
4596
2586
3859
4503
5854
6311
324
5922
398
4142
3206
2639
2882
5211
1593
2587
1393
6300
3951
2034
2652
5826
3102
1814
2236
2621
1146
4294
415
4815
3794
6356
4284
5816
4500
1663
5654
3955
5413
3326
3126
6332
4976
5921
4629
4572
3543
5997
4311
1147
999
3614
6333
6269
2186
3122
1130
2295
5304
4117
1111
1583
5430
338
5274
4642
5193
2109
3010
2362
822
5964
3494
1769
4393
3348
2480
6103
4753
1462
3228
5127
3033
4879
3293
1611
4082
4699
5217
5495
2052
5975
2274
1161
5757
5103
3400
3414
600
6365
5911
1117
5857
4548
5521
6416
238
5780
1321
5827
6395
3505
1323
6323
795
5887
1864
6414
3147
4936
4364
1441
5007
4031
5018
332
4383
5421
755
3519
4215
4752
5881
6129
3487
2998
5929
6262
458
1934
3681
1278
739
3280
5641
5182
2812
1191
1149
5453
3321
1709
1409
5833
5255
5888
5889
4022
5026
5095
5734
5874
4715
5906
4611
4651
1315
3623
3652
3775
116
2449
1239
3118
6212
2932
4587
3776
3557
6424
3226
3107
839
6402
5101
1889
6001
3830
4940
5196
1641
4537
5853
1580
4758
5341
4169
4999
2931
6249
1789
5612
2499
3353
5789
2758
6467
3762
3748
593
4045
5107
1882
2756
2212
4650
3625
4792
4055
5588
1185
5843
3397
1169
1011
1597
1168
3318
6146
5163
3440
4770
2970
5412
2313
2284
1356
6415
1345
3903
3696
5198
6346
4495
1941
5148
223
4399
4838
5838
1267
5625
4907
5203
3888
1693
3611
3896
4172
4079
1557
5876
2113
1180
5918
3933
4360
4480
1801
4077
3184
2048
3809
2550
4963
2058
4509
4401
6149
5258
4833
3907
5478
4560
2051
2833
2993
4431
3210
3509
3029
309
6051
3646
3552
2382
5669
1790
4419
5986
591
517
2439
299
4945
294
5580
85
4619
1481
2899
1567
5726
5914
4501
6190
4100
1201
4507
355
3287
252
5878
6399
4347
3743
5705
899
2999
3257
4835
2880
4156
6420
2101
4562
4095
725
483
1095
3733
4746
4192
2460
1808
5091
5278
69
5960
2957
1277
219
2728
1247
2068
2542
4705
4004
3385
4225
4900
2977
1712
4533
6137
4923
354
5879
3716
2281
2568
2256
2632
1464
1298
6169
2159
4278
4541
5388
5637
5719
237
1238
2919
3382
1008
3323
4450
5105
2571
1488
694
2968
4903
6113
5730
2988
1081
3916
1834
5216
6065
2766
2033
587
3442
3528
1270
1797
4392
5439
5590
634
307
1261
920
2351
3714
6452
80
573
2816
3429
157
2165
3515
6081
4654
2718
4555
3298
2871
1264
1619
5624
4959
4842
5704
1015
5153
4166
3058
4263
5611
4237
5178
584
4887
3584
3216
1530
2430
5809
3656
5394
2731
4854
2019
5601
4878
2725
6209
3876
3566
4024
2847
6066
3679
1306
3435
657
5290
4335
3153
163
1751
3330
4927
4105
1699
485
5322
3333
2981
4023
5550
2721
3235
2854
5788
5392
2813
3100
5946
6419
5904
2558
887
4411
4615
2790
4204
3267
6140
3459
2987
3443
1279
6240
5327
4265
1319
4740
5263
6318
2094
748
5291
3551
5004
2070
114
3777
4011
4157
2678
2967
3968
5136
2290
2209
3642
1118
4756
4558
5497
153
1431
6147
5352
5568
4124
4577
5869
669
4905
5681
4711
5596
6460
3838
431
1204
4293
3774
5615
1237
5266
5348
3154
2161
2654
4147
5715
2340
2083
4972
926
4944
2996
6418
6266
124
288
5145
1360
6313
2448
1430
2494
4211
1595
5296
5589
2590
4321
3645
5652
4178
4960
2561
2974
3915
5254
5440
2944
5042
1422
5505
6003
2539
641
6059
3697
2916
2936
5677
2246
4206
2906
5574
5741
5142
6031
2193
5561
4438
5556
5491
5126
5928
5867
3453
3572
878
5748
1915
289
353
5992
4917
6187
351
5720
6164
3350
3541
2007
2524
5272
3045
1844
4389
3000
1389
693
4498
2125
1817
5088
4737
1615
1786
5583
5396
6427
5772
136
5801
1297
6046
2707
3635
3941
3159
4072
4010
5344
4165
1128
3680
6010
2091
140
4985
5398
5953
5994
716
3156
316
3705
6159
117
2855
5723
3641
676
3779
6071
5952
2030
5008
3598
1898
4442
4712
3177
2366
4983
456
6032
4665
2828
1733
3249
4257
2365
2375
5214
4098
4091
2359
5755
2680
4515
3425
4844
3165
5472
268
2496
1348
1124
3354
4274
4602
3390
4578
4730
3833
807
709
4313
3536
6076
205
4942
3151
1715
3500
2411
4213
1954
5102
2827
6158
5670
5404
2482
4170
3478
370
2751
2583
3251
6276
6073
1014
2458
5695
6218
2437
1887
6410
2100
2958
5608
1717
5742
6335
4221
3927
1737
4588
2746
507
3831
4150
6199
5614
182
5795
661
5442
1254
3248
4583
287
5951
6162
3900
5003
3143
1200
5253
3063
5940
1196
3369
6405
1399
4205
1885
3784
4289
5796
2288
1704
1998
5292
6244
678
4894
4270
270
1708
6231
4448
1876
3439
6380
2067
944
3914
4067
5604
708
2339
4977
4581
1257
6179
1676
143
5002
885
2345
257
4884
1863
1960
5460
799
3632
4808
4700
295
5375
186
1025
5839
1985
4223
4407
1903
4087
3790
5514
882
4675
2199
3423
1777
2964
2821
3803
1728
5420
516
5219
2368
4929
4050
5028
4236
2949
2747
3989
5223
3556
1382
4006
5140
1829
2642
5374
4444
1695
3062
4132
3075
4185
6456
5776
452
4803
159
1724
6261
5768
5998
3594
4417
672
4996
1324
3271
4183
3224
1547
6275
555
5798
2776
3263
5902
2978
1869
804
3771
1861
3672
3334
1691
5859
3504
1411
6172
1899
3014
3583
1832
4911
2003
6368
2527
5001
5828
982
6471
3198
2506
3418
5393
4163
1194
5522
1813
1870
5149
2088
3364
1007
5416
5000
5793
3105
2743
4599
4056
5817
2356
3889
6136
3266
6287
4664
4874
4373
291
3904
5961
3808
5694
5261
5207
3254
4046
2770
4623
2442
1126
273
2872
4081
4607
2952
6388
1213
1074
3016
3827
1526
5722
6250
810
579
5990
5717
3236
5319
546
3768
3639
6413
518
3717
1831
730
2139
2059
530
5663
4154
3931
5931
5575
2664
5147
5936
4708
5864
5674
5084
2653
3973
3426
4547
4989
2791
3694
1022
1327
4227
4567
2675
3860
204
5014
4561
2519
4465
3278
1330
813
1477
5770
4982
5593
5463
1738
5571
6028
1454
594
574
1929
3817
1585
1923
4496
339
5967
1685
5034
4784
5144
3452
5746
321
3488
1682
3894
4569
2814
847
4219
6329
3676
149
890
6451
4819
262
4472
4962
4766
4807
3747
1944
2104
4910
2644
4314
2422
2794
3842
2669
4078
3253
5406
2270
6167
2467
3367
1647
6459
1334
3460
4461
5818
6310
3719
5242
2735
5609
2556
4104
780
4232
2331
3393
2056
142
5982
1145
3993
6033
3848
1558
5811
5276
3538
3277
5172
6264
284
4362
3990
3866
3121
5230
3279
1838
5949
3849
4986
4580
4111
651
4773
5245
5186
4775
4164
4323
4797
5204
3713
5285
2763
5903
968
3816
6430
4418
4282
5824
3220
3730
6161
1874
2021
6220
2640
3089
5948
1446
3722
3979
581
191
1582
2469
1129
614
6464
2154
5353
2123
2210
4470
4191
2065
128
70
4818
1268
320
349
5113
3638
1995
6119
3887
3953
2127
3309
3005
2625
3640
1061
5752
3114
4680
3832
4410
4545
3119
1947
2801
4375
3244
3634
3223
2580
6260
3282
4760
1189
4455
3517
4848
3936
6465
5919
653
706
6423
5920
221
3648
2742
4153
3020
2160
4140
1787
5069
5471
4782
3677
3767
1645
5465
3918
1684
5456
2151
2326
1803
4663
3535
3997
3361
4810
4586
2975
4613
6358
6203
2633
3913
3252
4997
2126
4463
5201
3003
255
3950
6351
1252
6196
5303
4069
4193
3599
1177
6404
6045
3136
1172
873
4736
327
3649
4071
2622
3540
3405
4499
6018
5640
3709
271
6453
4798
3498
215
2517
5745
5647
4241
5359
1936
3250
6469
1188
6005
5602
946
3706
150
2140
2849
5605
4754
2347
5765
76
5885
95
4772
2876
1546
5364
3591
3024
1758
2684
880
1856
3882
2631
5847
235
715
1140
1187
4034
2619
3300
1350
374
3168
231
3108
6117
282
1581
2552
1768
5108
4670
3404
6334
6272
5377
1644
3023
2170
6277
2724
4661
2576
5650
1609
4866
5225
3745
2075
1271
5047
2579
5318
3822
2156
4904
3749
427
5738
5771
5517
4510
6384
3095
2660
3262
5109
305
3620
2887
967
3574
1136
3978
5686
6186
1069
1781
5316
6024
4356
5437
5825
4109
4502
2153
3934
5482
4678
4286
1984
4718
5623
194
5939
4892
2002
3329
214
3524
1435
2180
4224
6391
6072
3647
4796
6049
1968
4617
4329
4998
2081
3115
4021
5753
889
4790
5484
6374
3883
2948
4451
4454
4102
1670
216
5579
3025
2001
5724
5294
2381
2749
6421
1303
3898
2431
5309
6282
1747
4837
773
2372
2846
1904
3943
3736
4222
6139
805
1220
4494
4385
5924
3581
3004
1606
5183
5194
2285
277
2723
5428
3141
4428
2908
6176
4943
5691
3145
5122
5308
6099
4381
6170
5043
3071
6041
1791
3501
1199
3365
4101
908
4398
4696
323
1071
3674
4458
5120
729
2890
3800
3214
5524
5673
2962
1756
6060
5405
4516
4656
3493
1461
467
5166
5684
2960
4220
1418
6210
2096
1854
777
3892
4089
3923
5973
5365
4574
6350
240
1596
3723
5644
5089
3562
4762
4340
3902
989
3507
596
4003
3475
3546
3651
3667
6138
1702
4394
4243
1195
5228
3877
5807
5984
5490
1308
3890
815
1652
5875
4405
4877
4143
4258
4266
3381
6407
1427
5672
6265
1231
3971
4248
379
2925
4357
5804
912
3841
4202
2348
2950
3644
3358
1607
267
1910
261
1833
5185
1505
5744
1938
3753
613
1792
4085
322
2778
1331
5805
6078
2080
4377
2364
3837
2240
6067
1159
6144
3152
5877
6257
5187
943
4180
1811
2271
2582
325
2924
3789
3741
5523
6217
604
3209
6166
5761
4122
6285
3230
190
6126
1329
2934
5546
171
5382
2538
3134
1683
615
525
2824
4585
4811
2689
5259
4264
3232
2279
3764
2008
4677
225
2095
1868
3783
3669
1744
987
6227
5576
4701
554
3974
4355
4376
1127
3431
1836
3496
756
3616
1311
705
5836
1544
2857
2623
3521
293
1828
5606
5891
2777
2352
4745
4722
3133
5115
4446
5927
2129
1472
2825
4779
4217
5907
3450
2551
758
1819
6074
24
5822
2881
1952
3217
4476
6221
3396
910
2136
1902
5855
5133
711
1300
356
4441
1677
6095
303
1223
4152
5687
3101
92
4194
211
2805
2355
4636
4735
5996
1400
5950
3624
2155
6025
5395
5025
940
4035
6449
1423
47
5244
3998
4361
3086
1295
4725
3988
2913
1692
367
6371
5603
1346
5977
5548
5547
4233
154
285
3181
5376
4349
588
655
1320
1649
3503
3180
1444
1830
965
4433
443
3384
1971
4729
3047
3689
1810
3042
6075
4955
1948
5179
1083
3867
6204
1090
796
4965
1942
5586
481
2438
3422
3969
2301
4097
5124
5326
4783
2838
3260
1594
4559
1897
4724
4434
2760
2086
2985
146
3093
1367
3191
2938
84
3196
1912
5469
1451
1750
1503
3026
3910
6398
1099
3710
5339
5391
151
5981
6324
5599
3661
3057
5152
1142
2177
1989
3863
6007
1079
840
3001
4133
5006
5378
5058
3128
5409
2686
6039
4883
1657
1710
4008
1827
2918
503
3245
1439
3054
5110
4864
1973
5892
6390
1453
5343
1603
3685
971
764
4793
2947
3061
4738
6236
6098
4814
3401
2877
2714
1178
3580
2867
5260
5468
2700
344
4556
1341
5009
2773
1153
5728
2885
3810
5643
2637
5487
5917
533
5577
2344
6435
1773
6229
5648
5438
1994
4723
4330
3146
5591
766
5528
4342
4149
199
4504
1437
3756
3377
3123
561
3113
4978
3994
1207
3039
6234
732
3560
2406
300
1059
1636
1673
4037
3593
6247
5504
1974
3772
2709
753
6077
3434
3222
769
3116
201
3820
5620
1667
2935
2181
3826
3187
5077
5227
5188
5845
586
6128
4600
164
1304
3660
4065
4899
3575
403
148
5758
241
3043
376
259
4080
2510
2972
2198
4485
5861
1548
3755
4993
3380
2609
6440
2645
2303
3302
1656
4326
1251
275
5676
1263
2173
4043
2836
3067
2292
2886
2862
5060
4674
1500
3283
3963
746
1125
809
4207
3301
3420
4786
4840
2073
4296
2152
3096
5912
4288
3312
647
2879
4048
2572
2649
1967
6463
4526
4816
2468
5562
3392
2146
6364
5457
3388
2245
4374
1736
4421
5215
5830
399
6288
1248
5737
2157
3601
4846
2000
5158
724
5150
3117
3604
5451
5943
2103
1511
1767
5569
5119
5233
2860
6278
1555
2716
5910
5159
3272
5938
5470
1358
1512
4354
6305
4462
4785
4484
1281
4285
3416
1471
4471
158
2484
2414
6185
4162
5302
6422
5366
274
1497
4161
6361
4402
6406
3925
2144
4657
5549
667
4912
3036
5337
3006
113
2102
4639
665
4137
3486
4370
4544
5721
568
652
2866
30
4491
735
1426
2878
4804
4197
4477
6284
6444
1210
5452
3335
5387
5241
934
5539
5383
3985
1401
3160
5868
2717
4612
1878
5444
5168
1788
4425
5029
2694
5112
6026
5289
4554
3357
3944
1846
3394
3327
2852
1515
1849
4430
4092
4487
6292
4058
3576
3554
269
1440
3112
5779
5959
2945
2343
1073
6312
5267
1812
2917
3336
3823
5410
2817
3316
1325
228
4371
428
1333
3483
2115
3824
3238
3070
2941
6315
3980
4449
4395
5265
4531
3049
3514
233
3664
6202
5481
4414
3534
5718
2858
1456
6376
4909
5781
4881
3571
1784
5535
3547
6189
5312
5692
5379
5114
4201
828
6168
4709
1569
3778
5897
703
1085
3346
1527
4253
3221
1549
5806
3289
5157
5208
3331
2278
6105
6012
1255
4859
1068
3786
232
3048
2832
3261
5832
5962
4549
6458
5592
6429
2400
1243
3040
5422
1019
3213
1269
6156
5306
3965
4174
3699
3366
5072
1057
5651
4769
91
4129
4643
4850
4684
5636
4406
4188
2435
1040
3484
4036
2762
599
2844
3438
5325
75
3959
3785
1906
4066
1075
3436
2826
4351
139
3011
6191
5582
2563
4776
1890
2532
3345
141
3739
2283
2502
881
5340
5061
2738
5510
357
3158
2300
4750
5310
4242
4379
499
6148
656
4575
4895
5516
2077
2815
4443
5030
3012
5314
3202
4254
6055
5097
3630
4047
4290
2244
2518
2635
765
4757
4806
5974
5167
2037
791
5711
4616
1354
2117
226
1818
1859
1951
15
4529
1307
1624
2710
4116
635
4589
1980
1332
6408
3234
4872
2233
1513
5844
2397
1190
5300
3205
2787
4645
3537
4218
5553
6143
4975
4787
2516
677
4033
6114
3163
3199
3530
4941
545
3111
3795
1366
1802
2875
3065
4593
3868
352
2367
3791
1697
3073
812
2990
1116
3189
6216
4412
2535
2868
1164
4563
4851
5532
4388
6089
5295
5160
6013
2385
2459
3373
5944
2047
6193
1182
5190
5558
5607
167
180
2873
3813
3626
5462
4938
6004
876
3456
879
1608
3871
4915
3662
6337
6381
3984
1945
5616
375
3942
3407
6354
892
1760
5073
5688
5584
4828
6160
789
6256
6302
1322
2249
38
3307
6152
4070
3233
5226
1309
3409
4530
6228
5683
1796
3473
2831
3195
1478
2701
608
966
1072
4893
3569
3561
1228
2976
2150
3858
1036
2869
3294
4822
4209
6211
5467
1823
5756
4453
6214
207
5840
96
2443
2901
4130
3432
2841
1421
6286
3339
3707
3142
5180
2959
5350
5678
2120
6123
5541
6023
4520
4653
986
3415
5027
778
1357
4994
6375
733
137
256
5846
5935
1221
5330
2578
5649
6307
5206
5277
3617
816
6283
4667
2820
3451
1740
4861
2371
4698
2042
5094
3805
350
1919
1175
3299
2072
1415
1065
1024
5262
5347
1800
6052
2780
1634
4935
2272
5783
1467
5989
3411
2489
6393
1785
1066
4862
2171
2529
1839
1157
198
3314
5666
4025
1272
1536
5966
2046
5419
3631
4920
1371
1392
1911
4049
4026
6178
5657
5199
6015
4633
3845
1976
4262
6472
5727
5639
1924
832
4327
1933
6106
2218
4214
5210
2457
4937
3568
6181
4439
645
3589
6370
2243
1006
5976
4350
6296
1167
1935
2131
4532
3792
3666
230
5191
1700
1328
897
1342
6314
3881
2097
1988
4961
2520
2656
3081
6325
3008
1064
2016
4482
6450
4473
4995
1982
3655
3559
5045
2786
6009
5098
1824
1156
1508
1927
2670
4860
4873
4973
5835
1901
6473
5810
1181
1754
2341
1405
3344
5320
583
1931
6141
6022
2683
6306
3720
2765
6120
2909
6235
3865
3472
4628
6279
2349
4408
5536
3702
649
5092
5399
1725
6030
5170
4717
2247
1866
4228
1716
3670
1626
2703
6127
3188
2500
1479
4728
6062
1680
308
2956
3219
1524
3840
5750
1502
3570
1173
4251
5519
5503
1917
1492
400
5870
6006
3449
1174
5137
1570
5530
4316
4308
6248
1552
4668
3668
823
1098
2334
5448
2011
2022
2980
5551
3751
644
3183
5104
105
188
4158
2697
3628
1770
5017
6084
2799
1362
4299
3919
4478
2575
3229
1504
1698
4038
4506
2043
4521
2421
1528
741
5381
5301
2761
5831
5049
5130
5297
3683
3455
5459
1666
1620
3284
5090
1021
2028
752
1991
4404
1879
1774
3129
6363
1135
2054
5076
4368
4662
3167
2254
4622
4631
310
2031
2107
4167
5205
5751
1651
3729
5736
104
5100
2055
4660
2811
4353
1748
6177
5224
4571
5005
4603
532
5863
688
4475
5866
602
1921
4427
1962
5169
5238
2745
4669
3886
3897
2965
4139
1121
582
5849
1428
1458
4136
5464
963
4601
4805
4186
3960
544
3343
6400
3906
5051
1727
4817
5766
3757
283
6367
3724
5802
5527
466
2719
1301
3349
4396
2134
2830
5886
768
6377
3458
2062
2943
4795
5329
5494
5762
2531
4565
4584
4252
1166
6157
3028
5271
4273
319
3239
412
2599
1445
3445
3379
4297
5257
1650
5978
2781
2353
1070
5667
1820
4988
2896
4287
4551
2730
2688
4621
4845
6115
648
4200
297
6466
2676
4625
314
4195
3957
5769
4464
1240
5622
6281
5450
2012
2466
2493
3622
1857
6340
3947
3197
203
811
3408
4826
1623
4068
4731
3754
4474
489
5664
4508
6027
1184
4921
1762
6255
589
5408
5716
935
4706
5708
502
4103
4570
4713
938
1574
3529
1745
617
4832
1363
5613
5905
522
4659
3190
209
4369
4269
4352
2994
1466
2775
2335
2687
6192
2884
6079
2074
3949
3579
5431
3636
2737
1605
5784
3402
3525
6183
1779
4852
3231
6454
404
6207
3194
5209
2753
5356
5512
6064
3995
4331
2920
1496
5701
5143
5397
4858
4579
2093
213
5787
3550
952
135
6373
196
1096
2923
3104
998
3311
5286
1123
3428
1653
5033
4768
2750
3806
2447
5165
6112
348
3430
3079
2039
1696
3982
6044
5118
3520
3582
1387
5075
3355
2268
4966
1794
1841
5036
4315
6290
3077
5985
446
4292
2440
560
3110
5425
5791
2588
1900
1351
2332
3836
2477
6339
4244
3516
3055
1654
2374
1533
3608
638
1365
1449
4620
2087
301
3447
6042
5578
6291
4422
793
2119
4348
3162
3592
5754
5732
5358
4849
3542
4748
2169
5954
3811
3734
2036
3464
3090
4119
3169
2112
970
3637
3281
2044
2045
6197
6251
3207
3954
6309
2837
6409
1523
5311
2842
4489
1884
5041
3441
3976
3139
6297
3296
6347
3874
1940
4901
1234
5426
4346
4519
4867
3502
3801
2485
5813
2764
4052
936
2338
1598
5899
3059
5239
4981
5455
4020
1460
3022
4604
4345
3758
4925
426
3313
3563
3819
3499
5980
5488
254
1679
3092
3653
1990
4303
4151
5146
3320
3274
3109
1983
2973
4720
3533
6303
3403
3922
6434
5307
2525
5336
930
4267
5020
4275
4841
4159
3613
2373
4002
2546
1860
1378
5021
5500
3084
3469
335
3465
6085
2904
4825
5011
5342
4649
740
6349
6396
333
1837
3176
4456
6125
2505
4885
5139
4948
1953
2069
5338
3106
2829
509
2905
4743
6304
3094
3917
361
6091
3763
4435
1943
5346
4896
5621
2792
189
5544
743
1490
3712
5038
1757
3264
6155
3812
1932
6070
2853
3007
1305
684
5735
6057
5679
3064
842
871
2569
2428
5372
3802
3839
1012
4871
1139
3870
4123
1926
3211
4882
4168
5699
5865
6432
3182
5501
5743
1396
2573
2903
2851
4459
5893
4155
969
1260
1077
1276
4919
5305
2172
5794
2989
3512
1154
3399
3659
1143
4240
2167
1082
2522
3374
4518
4125
2614
6154
5192
6348
3072
4005
6101
2861
5476
3782
2015
4416
5767
1703
3821
2208
1764
359
570
1522
6230
5402
4726
5860
1865
4552
5538
1618
958
3992
1701
5573
2894
72
4952
4652
4688
4337
2164
1638
3448
4683
4824
31
825
4096
5698
513
3695
3099
5543
3740
4781
6243
2163
1778
4277
4834
2900
666
6441
3633
5015
2064
2147
2930
721
4992
5349
6225
3491
4190
5415
152
2809
4108
5369
5066
1766
5848
1101
5231
1482
1845
3325
1408
6109
6163
4420
1840
6327
218
5812
3962
2835
4177
3766
6445
2605
3864
3673
2779
3305
5972
2049
4013
6379
4813
4865
3052
326
6252
2436
1359
2299
4777
5632
3983
144
5971
5707
6383
1731
4641
1588
5221
2774
5668
160
2232
5555
3013
1227
2187
4926
298
4144
4953
747
5631
2215
2953
5458
1540
311
1734
5581
4452
3891
3376
3080
3032
4073
774
5298
5557
3956
1875
1395
4391
2712
3417
3338
5128
1627
5111
2537
5315
6316
5234
4029
2471
5630
4403
5685
4247
3908
2354
1852
5281
4539
4694
3967
4908
1930
3166
1987
4328
2963
4644
6426
5642
2752
5123
5933
4298
6036
5700
4870
2554
3665
5035
4685
1265
1825
4534
1377
45
4040
1100
3489
4566
5446
1892
6362
6215
5222
1214
5778
2933
1613
1707
1318
6320
5792
3698
3421
5273
3485
5237
363
3009
5012
6224
2010
1171
2677
4086
5803
737
2674
3462
1165
2939
4525
948
5331
5689
2856
5797
5489
3241
4928
3884
5988
6124
441
2380
3770
806
37
3140
3444
2105
3285
3605
3935
4429
3553
5898
736
4847
4094
3386
5610
5775
4110
2384
3137
4041
4310
3470
5858
1009
3387
4974
482
3518
637
4801
2141
4522
6201
3495
5815
3256
3148
6455
5633
4291
1058
4827
5032
1763
4184
4591
3527
1283
2657
567
4889
5697
5645
3368
2810
4445
4093
1443
6100
1883
3718
2521
4655
3482
3946
2665
4334
4120
2370
5256
3157
5417
6417
953
6446
1922
5660
2800
4719
5837
5480
5078
4716
5200
2108
5545
5958
3799
3378
1529
2782
2346
6047
5871
2504
6020
4809
3700
6342
3854
345
2768
3097
5646
3031
2969
3125
4268
4007
5414
4466
5820
3370
5390
4384
1162
2937
5506
3208
2536
4160
5299
5537
3545
162
783
3558
312
4053
5162
4812
6330
3603
704
4302
1556
3682
3056
3050
1219
4437
4951
1604
4483
1203
4888
3615
2118
1928
1291
6254
5526
3171
4208
5016
3929
3828
3352
5080
3030
5171
5400
1520
313
4957
5052
5164
2783
3242
2255
1858
682
6259
1170
5121
6238
6102
3885
2357
770
2667
1535
5856
979
2128
4794
3297
4990
5131
5913
4632
1447
1957
2798
296
4490
2672
2041
1997
1913
4016
745
6037
2893
1374
3347
4141
4924
5733
2306
4436
3511
2032
4553
4761
611
331
6353
1743
5116
5987
6069
1483
1217
3085
2508
5433
5053
6301
5282
3218
4279
3069
1493
3905
3765
169
302
4606
4863
1886
263
6002
5635
4523
5597
5447
728
1686
5947
4648
5896
279
5862
1259
3120
3175
5363
6184
4488
2470
4271
3215
515
1853
4343
1355
4358
4468
3619
6017
1746
6134
2130
4415
12
1193
286
1514
1639
1144
6433
2593
5232
5934
3565
4524
2808
4061
2559
5729
674
4339
4387
3468
2020
1525
2005
754
306
1969
1078
3513
3174
5819
5236
1590
1023
5176
5064
1761
168
4397
3531
2997
5474
2819
3454
5479
6206
3185
3796
6245
2929
4486
6341
5983
5894
6135
727
2066
278
4231
4691
4009
520
5411
365
5229
1964
3466
5965
6011
5763
2604
4469
5288
2995
5814
3761
5117
6385
2057
2275
4956
3555
2168
185
4930
4517
3780
4210
6397
4710
1150
3490
5665
125
2983
4309
3657
4991
79
5284
340
5851
3627
6104
3549
2771
1209
4528
2850
4954
5357
5280
3658
5554
4624
5093
6223
2692
3856
5323
3921
1457
5071
5355
3825
3564
2377
5250
760
3878
5441
4054
5184
4727
4732
785
3737
1925
3051
2696
6352
4513
5587
4301
4968
4830
6054
3295
4734
2910
2785
5713
4969
1163
14
4426
5525
1519
5955
6447
3850
2907
5872
2138
2840
1253
1186
1107
5634
937
964
4259
750
2076
4676
6019
4333
1316
3083
5560
5039
131
2330
5360
4090
4853
1027
3522
3977
4608
6326
4823
1106
2863
712
827
1468
3869
1532
2311
3721
2823
6200
5709
673
4118
2843
5706
5435
4594
90
3389
578
2555
5096
6131
6412
1586
4914
5324
4958
4771
3930
1416
4234
6359
5529
3467
6008
1218
2673
5125
2491
315
330
478
6171
147
5132
3243
664
2369
4721
5351
6194
1672
6050
2607
3306
6063
3853
280
4239
6293
56
4171
6016
2304
1629
1955
1534
4697
4634
898
3060
5010
6130
1114
2122
1110
3609
3413
2350
5050
2859
4320
2328
5564
1780
4481
1713
2530
4673
5627
776
3433
4733
5566
5901
5916
2739
2713
4344
4820
5969
6198
4690
2078
4380
1977
4906
4126
2767
5956
1353
3258
1225
4876
5710
4492
886
6173
4059
1776
5895
3398
5293
2892
1032
1877
771
2732
1417
2231
360
4138
1643
1804
4764
6068
5380
2424
5760
6270
5923
6387
1872
247
3952
6097
4788
4638
4134
5662
2296
3991
195
1602
3793
1013
4576
5054
2085
1235
603
6321
5671
3341
2495
2501
6389
6378
4831
2715
4950
5942
2895
4324
3078
2991
5135
3155
2584
2533
5777
592
4497
945
997
4511
5493
1664
6319
707
3342
4763
3265
1413
3523
1914
1131
4246
3901
1250
1571
1489
500
2961
2986
2646
4250
1705
3021
6366
5915
5082
2754
3461
670
4980
1543
6394
5808
6436
4366
5540
3911
976
5436
5220
1450
2013
2870
5079
4568
3728
4300
1215
1958
4042
2523
4514
3173
2695
2802
4916
4372
590
6219
759
2803
1539
1241
317
5502
3948
6232
4802
5475
1755
3027
3895
4635
3804
4704
3292
4307
2361
4647
122
202
5908
4304
1137
3201
2220
6392
6110
2333
6226
4359
2383
4947
41
5774
2722
329
692
1176
3337
4573
4538
5252
1385
4682
5062
3596
1949
5354
4312
6331
2260
4626
244
4857
3179
2099
4062
6092
575
2513
486
1946
3573
6386
4742
3038
2121
2595
5790
6188
4869
5477
3844
4365
558
798
6273
2839
6029
4051
5401
683
1579
6308
5534
5786
2727
3577
89
6061
5195
5248
3410
2984
4984
6111
2084
3362
337
3186
5249
4114
1545
2992
5542
2706
6425
6317
5658
3610
4856
3843
1681
5617
5991
1294
2643
3138
5063
4281
1293
1576
6294
1992
3932
5373
3690
2666
3732
3259
534
1660
1394
3829
3363
3597
5565
4325
2663
6094
1285
5533
679
3132
5044
3708
4199
3103
1950
4666
3585
5567
2926
3332
1266
4946
6239
6116
2238
1826
4189
3088
260
1436
4235
6053
3164
5074
1531
1907
343
3744
1655
6083
2784
378
5065
276
5023
5449
5941
2297
5552
3966
598
4212
2898
3738
713
5731
6322
3938
5218
6437
4799
5661
4897
3019
2971
3686
5367
1632
5181
4260
3037
3937
675
838
3446
3225
4245
4836
779
6132
4880
2797
2897
883
891
3127
5675
5246
5799
2040
941
1633
1772
2009
1720
5099
2239
5056
3855
2891
4060
4027
4424
5454
529
2951
5749
1102
3319
5759
3480
4272
918
1229
3587
5483
786
3269
183
6153
4536
3873
4939
5068
2257
5829
3204
4918
3909
3035
1584
3506
4319
250
6195
2298
5747
5361
1565
2060
4681
4229
4039
5174
2585
1494
4542
5873
1659
2834
4261
5154
1749
2071
5087
5659
782
3492
6241
6165
2035
1842
5368
3539
4618
6253
2498
1848
1600
3237
1662
4083
668
3675
4145
3924
210
4378
2358
4778
4432
97
5057
3172
5270
1438
3834
4791
6151
3899
6182
3178
1132
6093
5656
4146
264
3759
6411
3650
4075
607
2912
4692
1805
4964
