2
10
7
8
1
23
42
1033
3
27
61
32
25
52
48
22
64
21
39
53
29
77
424
20
382
6
57
394
16
181
476
477
4
3507
439
1122
552
68
50
87
996
19
17
903
1113
1119
1404
3797
923
2611
63
902
632
9
5
1197
869
2191
893
3894
2205
551
249
1559
130
2195
601
857
858
2182
66
2219
65
60
470
385
3151
580
13
844
2413
2269
877
55
3470
438
818
492
54
3533
904
2594
3585
491
563
3211
2184
11
1286
2591
2203
5061
548
1118
901
3351
1296
654
2221
821
3059
101
1109
2492
1093
537
3901
802
540
630
865
3970
1067
924
457
538
905
1046
848
3846
1080
1419
846
1051
553
3775
395
44
2207
132
102
849
118
4472
2916
103
900
3444
3534
4923
3900
3487
541
3381
58
973
4214
389
3809
3198
4180
35
3011
5176
2636
4550
861
3613
4548
1091
440
2196
2415
5415
3436
5144
2188
820
3253
4902
3096
3647
3752
62
2314
4740
4363
4306
411
550
3781
3195
571
860
242
845
859
3094
2189
78
1340
451
26
28
939
875
3063
3933
1375
4217
49
3653
864
3086
2615
1120
931
442
2959
1402
3360
1092
4574
1292
1347
4303
863
2465
2595
4912
2198
2650
2200
4191
3538
1338
1047
106
4179
3535
830
1363
4335
915
1501
1568
4577
120
111
5181
5110
1044
3546
69
408
3447
4395
960
862
2490
384
868
258
4951
2612
5463
4427
4989
2185
3280
5470
3038
3261
3643
4171
2928
564
3820
3247
3141
3659
3790
884
1721
197
1511
1731
886
2627
1312
2192
1373
5218
5510
3622
5103
3103
4074
88
3117
1288
1425
3107
3001
59
5417
4319
2423
4576
2737
3506
5038
4116
40
93
4339
4914
4930
1086
2609
4404
5342
36
3848
3876
392
3390
3541
1105
1383
2567
3751
4399
3549
4174
1729
664
1339
6047
1060
484
2545
5603
3003
410
626
390
2965
1385
5749
200
3267
1289
3262
3255
2921
5124
3154
421
4245
3540
71
2417
536
866
1287
2204
4302
1004
3269
627
1055
5880
1138
5601
4398
636
929
1575
212
3811
217
4723
3528
1313
4459
1198
3069
5862
3256
3947
1486
2408
631
4988
5970
1041
543
2603
1391
1104
3252
6322
6251
1117
5388
1306
4433
6287
447
2194
4775
2576
4263
674
539
2316
4117
5216
2696
3068
1384
1491
4111
3924
625
5904
3923
243
1112
3589
4862
3221
1274
2564
3478
621
4356
133
1719
938
734
5127
4573
3896
1398
1319
3627
5792
3564
2601
3380
3499
1730
961
1121
6056
5702
73
6254
1728
3473
5861
3772
2748
2630
2624
5962
3071
4551
933
2566
1302
5162
1001
177
6323
5457
3064
208
4491
879
4477
5120
3307
6271
3537
187
3486
5763
701
922
3056
6331
3246
136
83
3417
4743
1261
3306
3065
3887
5895
5418
2593
4463
1048
192
5776
5583
2183
5517
5514
2638
4975
155
3833
519
663
6368
5868
3187
3945
5863
5041
3023
5925
5752
3377
956
3384
3093
165
972
5275
4855
1574
3522
4220
2406
474
5235
455
6267
1544
3979
5364
4360
5301
5064
3607
3596
2254
5139
3427
420
5157
135
3616
662
6109
1908
3544
1448
4849
1285
460
2464
2453
872
5192
5193
4445
4851
3531
5053
5791
1815
2461
4456
3532
5125
3973
5811
3555
3152
6465
4538
1098
5367
4190
947
4458
3553
5715
6151
490
3241
4114
4139
4609
1333
4436
3815
855
5927
1317
5658
5190
1278
417
3472
4428
2598
1042
559
4065
6176
134
6257
3890
401
918
628
942
4290
4999
1336
5170
5538
3935
5171
3773
3167
4758
5033
5034
3004
4754
3974
402
3960
4845
5761
5940
927
2999
504
4357
3402
510
4768
3451
3836
3209
2197
3314
6300
6227
5498
5901
4347
2590
3500
4940
6295
89
5689
3965
4197
4922
4488
122
3914
3259
5900
4521
3669
3529
3557
5836
1631
5897
5945
2391
1103
2261
1834
51
5257
5902
6208
542
5907
1642
4586
4198
1424
5277
5350
5360
3411
3239
5369
1291
5971
6172
6189
3956
2230
4898
4918
1473
6050
4739
5972
4226
373
2944
586
1399
246
6321
2565
4453
6285
1740
4482
5096
5336
4757
6185
5653
430
418
5177
3599
5348
6326
2651
895
4279
1140
4963
1722
4369
4559
5056
6212
6276
6344
3105
2325
1054
2911
837
414
3802
4964
4243
3115
4298
5745
2600
5035
5428
4753
5178
3547
590
6191
4285
5935
5175
6412
5581
5352
2321
2610
3443
934
1087
5673
5499
4443
4057
6146
5690
3168
5239
5434
3153
1471
5691
2693
4297
46
5585
1566
5949
6463
3448
3428
659
4173
5107
4358
3364
3156
5226
5036
2616
3047
1577
174
907
3112
1563
3101
3892
3530
3545
4421
1099
5655
3606
5313
3598
5874
757
5893
6313
6112
4107
218
3644
2628
2514
4283
6177
2745
535
3504
6340
5509
409
2605
43
5465
5950
5358
3434
3617
6329
4195
2402
4019
3936
3060
5953
928
4346
5366
2436
5223
2962
6179
5894
5180
4288
5939
1475
3886
5832
3113
5571
3944
4770
6337
1742
5340
4155
5183
6330
1414
3808
2419
3184
2589
6162
2190
1052
5989
5343
5758
6458
4771
5770
247
3242
4060
4921
4741
3169
5309
5229
5230
405
686
5461
5879
6163
2607
3174
4128
4321
5654
4345
6131
3793
5920
5500
4848
2266
6213
4120
4545
6226
4547
1459
2231
5867
6364
3357
220
5302
3170
6473
6319
4227
2396
4102
151
2710
4063
5948
5957
5841
5454
511
3289
3580
2370
2975
3803
3938
1571
3953
6038
6342
1614
3172
6407
6149
5102
5390
5635
464
5859
6332
4318
5881
5007
3040
2342
5409
660
3937
4159
5602
1023
5518
4138
2671
5426
4738
425
5757
1504
6219
3401
5306
5865
1895
5964
3311
3954
2864
2132
4175
3385
3135
1560
4430
3902
5312
5311
1678
4455
5403
6206
3989
2027
3278
6147
4200
3245
1433
5938
3934
4759
549
3409
4750
4619
5513
4846
4745
6324
4280
6298
5954
2401
4480
472
3085
1218
6290
3363
2450
67
6188
3939
3374
1516
4718
993
5164
2539
3222
3099
1299
3514
6292
949
4867
988
5479
6168
4769
6059
3394
6381
5024
2550
6428
5187
2433
2915
3051
5512
5323
5241
4355
1757
6432
3992
6250
3372
2179
4457
5368
2462
6169
4998
5402
3977
819
1116
4108
2409
4589
917
3404
718
6399
5303
789
4939
3988
5952
5671
4044
4170
434
3137
2398
5643
3519
3016
1735
3125
6467
4962
6358
5031
6230
6470
3139
5475
5626
2932
6460
386
2476
5471
6427
4844
6461
396
3343
4708
2471
112
5597
1747
5497
221
3885
6052
5670
459
3333
1152
6190
3787
6335
1151
6372
5098
2444
3413
3347
1279
495
6256
5161
5613
3804
937
5375
5441
6373
4293
3243
562
1392
2202
3955
1970
5420
3399
5484
2394
1386
4852
2484
3868
4216
6365
1034
3145
873
5243
1233
1673
3098
3414
1029
1894
4818
6301
2387
4211
5842
911
5703
2145
2378
1062
6028
3854
4050
1039
3132
623
4296
4473
2427
2472
4789
5421
2487
2896
6317
6274
3512
463
3476
3915
2926
4407
4881
3605
2690
5460
1227
2420
337
3837
3379
388
5222
3570
3608
6187
3312
234
762
2865
2483
1555
3834
1469
4434
1030
678
2637
5199
6469
4977
2114
4131
4265
6404
56
5612
4199
443
2253
5315
833
4391
3922
5943
4325
86
3073
6054
976
4715
3600
1741
5977
5984
3271
5236
3812
4932
2933
4309
3273
5135
2875
5750
5611
6209
3878
5212
6228
6170
6252
6374
3587
3508
6414
6378
6055
4333
5532
3630
3176
6154
3475
4873
6260
6315
841
5924
406
2110
5694
2993
3382
5118
2913
697
3867
6403
4871
1316
1538
4575
2024
501
277
5960
6272
3346
749
119
5695
3432
4337
3515
380
3373
5137
3888
300
4066
5487
3849
94
6429
6144
3129
1589
178
4257
1561
4324
5062
3263
3032
3080
2708
3824
3008
1507
3159
6173
3964
5660
3840
488
685
5005
4361
5159
2393
3603
5039
6182
6318
372
3406
5917
4125
5131
82
4985
5395
5215
5130
5357
5579
3763
6035
2235
4328
3681
3654
2480
5447
3349
6346
1372
4424
1031
5667
2473
1484
5759
2291
4854
5450
5128
3119
3171
6299
2942
496
790
3412
6134
2513
2629
4193
3090
4587
994
4756
2486
4299
3130
6178
493
5435
4070
1542
3136
3480
834
2503
695
3948
5073
3975
3891
4208
6336
6186
6309
1956
3208
5866
4620
4007
1222
3958
4688
2308
5978
1960
2135
2509
3435
5561
3207
1905
2388
419
5145
854
473
6229
505
6161
2857
5400
3520
5165
2705
3765
2829
2549
5526
3433
1630
3180
2749
1518
5253
3972
5778
3185
6338
784
6385
3126
2318
5225
2634
4650
4331
6220
4084
1216
5788
6417
5378
2860
3799
6387
4113
3717
203
364
6222
6135
2107
4831
991
1753
173
4366
957
6264
3084
3941
5669
5446
448
2960
6053
2454
397
2505
2418
585
1476
5580
723
391
514
608
6386
3905
5910
2548
3315
4423
5631
3133
6040
3626
3860
2497
5915
6455
5956
4724
5148
4752
4751
3490
5136
6289
3674
2822
4876
831
2658
5834
4282
4147
4143
2229
4023
5207
1350
1018
6391
2681
3395
6352
5578
1625
3332
5824
2809
4380
4059
215
4203
4049
1517
5748
5672
5876
5228
5516
2004
5681
5150
2631
5525
6104
6193
3842
835
3875
3178
5091
4691
916
3687
2970
3258
4301
167
2613
5058
3143
127
3260
5172
5884
6210
6356
955
3376
5929
5194
4109
5594
2090
1553
2617
982
5391
5937
3813
5914
5142
3788
3108
5564
6140
3579
5916
3982
5059
3920
5645
6171
5319
6097
6311
2746
5544
5965
3183
4938
5362
3109
710
3929
4110
6259
5536
2648
6316
3871
2869
5398
4122
4037
4503
3416
2452
3874
717
992
5638
6327
5987
5221
435
2888
5399
5234
5179
5354
6453
6440
6436
5186
5481
1674
4300
5076
3614
2264
3026
6046
3249
4727
1862
566
5089
4196
1993
2991
3106
1694
3025
2574
5453
2544
1732
1822
1010
4348
5958
2730
5830
6113
4682
4623
5109
346
4970
1922
3505
521
2854
5468
4172
4861
3429
3161
2404
6225
5043
166
829
2474
2835
4541
1245
5659
5685
5227
5795
1335
5140
6119
6261
1562
3438
4161
3611
3517
3560
497
4377
3704
5393
5210
3961
4294
3916
3423
2662
702
3019
92
3155
5896
4202
4934
4439
2211
1008
3079
2713
3268
423
3845
4957
6360
3128
5637
5747
1896
5700
5480
5942
3179
6450
6413
3516
5037
6110
6224
850
605
6249
6291
5852
5466
4076
4192
6057
5443
109
2286
3863
5973
6049
5346
6045
4406
4592
3285
413
4765
1981
5147
3388
283
6471
2322
6409
3971
5851
3033
5104
5584
6377
3293
172
6011
3192
3283
3020
3445
5408
3631
2691
38
4228
6441
1733
3946
5911
3131
5963
4275
1388
3014
1855
689
6204
2929
2246
6341
3138
3798
3029
3037
5529
6430
3774
6376
5060
6196
5361
5577
5406
5878
5666
6214
3310
3657
814
3779
5044
3061
5623
5930
450
687
4105
1038
2914
3045
1328
5105
6334
761
5485
1236
3835
1442
3344
4544
3430
2526
6116
738
3866
2803
6164
162
5501
304
2931
2992
5990
6167
1524
5614
6258
4866
1929
1578
3383
2240
2618
5933
3419
5389
894
5002
3134
4401
6019
633
4073
6448
4136
3078
5445
6118
3421
6194
4692
159
3408
1918
1536
2392
4616
5488
4853
4767
669
5890
5857
3889
6384
6474
2909
3899
6223
3602
1959
1920
6203
925
2323
5883
183
4460
251
193
914
1601
1487
6266
4112
6437
3418
4760
3651
932
5858
2934
5839
3166
6320
227
1202
6263
2407
3083
1850
5838
2224
2244
264
5477
5687
2389
2376
2405
4468
3124
4213
5467
4467
3464
6192
2606
3308
1429
3646
6339
6449
99
3097
4262
3957
1214
4316
629
6444
4420
236
5562
5143
4864
5478
2410
851
6133
5753
3396
3563
5184
3714
2922
6362
3089
6197
6221
5582
5918
5281
2553
471
6253
5856
2324
6366
6269
6111
2223
1390
2252
4479
3695
6408
1860
5979
523
1640
5574
5605
2556
5961
4572
3696
3369
1097
3795
6039
5974
1368
5004
3595
2320
4201
5899
2920
3474
4295
5209
1999
5185
4130
2369
5173
6153
5639
6282
3950
528
6325
3157
4320
5636
1396
962
5609
5370
2597
3928
1482
381
5444
3173
2919
4416
3365
1337
5055
1675
6150
5835
5701
4857
4350
3095
5521
3422
445
5627
2540
5032
4402
3597
4746
5134
2416
2298
469
5511
508
244
2475
6117
3081
3523
3158
3870
3425
4289
1420
1003
6456
2292
1028
2810
5133
6333
5644
4359
4843
3594
4187
4148
6294
4850
6114
3439
1455
891
3202
4387
3046
6446
5042
5545
5126
2885
5279
5975
2884
6071
5976
6166
4103
6159
3193
852
3104
1005
1775
4024
5723
2174
2930
6343
3057
6152
453
4244
5537
1273
5310
1017
2918
5108
1646
5919
156
4776
248
5520
2213
5394
1409
6434
5071
6107
5129
6411
468
6457
6207
3181
6468
3254
3999
5885
5431
6439
5188
4794
5208
3186
1043
3330
4206
2731
6459
5905
272
253
6286
6415
951
3410
3566
3426
5392
115
34
3407
5220
527
18
2504
5693
5086
6293
3144
5401
5908
3996
3881
5456
5314
1706
5909
1644
4749
3165
4762
5980
462
5040
15
3072
4519
2641
6041
5845
2159
3883
6447
3754
3397
5452
1357
3642
5263
1410
4748
6051
3942
583
4349
6451
3041
6452
6137
2621
5926
5380
1851
4422
4287
4676
5211
2276
1249
1597
6349
5766
2242
2386
4608
5307
2262
4641
3398
1612
5372
817
4341
775
2996
1479
5744
5449
1310
6466
4653
3949
3618
5376
4277
3521
6248
5296
3567
3609
449
3565
1564
4334
4178
5286
3503
990
2143
1621
138
3348
3906
3479
5347
919
6438
2917
3689
5063
944
1498
4408
5736
3102
3150
4590
6278
2535
676
5242
1873
3313
3927
1232
3088
3028
3794
1782
6314
1020
2463
4646
2399
5404
2326
444
5280
5507
5153
6098
1293
5132
5854
422
5936
5968
4205
6211
2301
5840
3164
5458
108
4322
3502
5576
794
4021
3853
6410
6175
1037
5396
974
5846
3340
5754
454
3759
6445
3789
6275
2772
989
1362
5921
4640
5298
3518
5640
3082
5373
479
856
5203
4725
1323
4571
1622
6002
2082
4194
498
1871
2733
700
3843
5022
161
5819
5321
1002
4329
3375
4969
6297
4224
529
2421
5837
5947
5297
5482
5214
506
4091
3175
2259
3368
5843
3951
661
5652
3279
3120
2293
2907
6262
921
1972
5217
3345
3791
652
5519
5469
6268
4167
1015
5746
3424
3750
6004
5756
2248
3309
2014
5371
4239
6472
3456
596
2672
475
5777
6443
4933
5651
3768
622
1987
3509
5405
5967
3810
1211
1230
4354
3536
5891
4388
4235
5535
1954
5804
5438
3841
619
3121
5008
6359
4032
1089
6255
5191
624
5080
6347
658
3873
3058
1537
3012
5141
3362
4823
5825
2588
2381
725
4925
6195
6103
1403
1637
5003
3903
1275
4062
3177
5284
5993
3792
1207
3641
1432
1320
5023
6277
2206
3862
3163
1045
6136
4561
2412
3539
4292
5252
824
3593
3931
2217
6165
954
5941
5213
5335
4593
6184
2117
6283
870
4332
4351
1964
2220
265
597
2982
3218
2249
6462
5433
4773
3182
4936
1761
6303
3100
3204
2951
1909
4489
3400
5397
3319
4899
1903
6115
3142
943
1406
6180
5959
1014
5986
407
5451
1967
5540
1776
2990
2337
4659
2726
5106
4679
5686
4920
853
1632
2923
3576
2430
4632
4204
2698
5442
5436
5931
5751
1596
5515
1066
4764
1056
3823
3481
3415
5641
334
1891
5889
229
5849
3962
3574
3035
3978
3610
3301
2682
4566
3274
3431
5642
4644
807
1683
124
2395
5692
3006
2953
5699
5067
5166
5860
4582
3216
3127
2346
3140
3367
610
4706
5628
4580
2390
5892
547
1308
1937
4895
2740
2258
6265
4869
2529
5661
5339
2712
6200
3160
145
2429
5282
2741
5875
1705
5523
2363
494
3043
4425
4583
4515
5769
4046
1593
1971
3839
748
4697
2668
1246
4607
4865
4481
2445
792
520
1311
766
5810
4450
5246
2367
4238
5146
5231
1881
2099
3286
4485
5650
4218
6270
5138
4637
2729
6284
5853
3251
2319
3244
5888
6132
1768
2092
4742
1643
3389
5864
2558
3118
5903
2764
5944
3196
4883
3571
4534
5503
4627
72
1209
6138
4352
5522
2967
6242
5739
2820
4886
4868
1284
4087
359
4982
2852
5760
6201
667
4642
2459
3420
5688
3634
4878
5593
3513
1857
620
3302
5260
2728
690
6328
1588
207
878
1965
3577
5224
2978
5555
176
4663
3231
1050
5238
4567
4684
612
5294
4242
2146
1978
6367
1467
1389
1528
2403
5054
4683
1790
1061
2317
1188
1035
770
1049
6061
4115
5272
1880
5946
3010
2664
4312
4941
5326
5051
3234
5332
2295
5764
6001
30
5822
5527
6181
4674
966
4499
2102
797
4068
1682
2035
4031
1848
5721
3316
3329
4418
1885
6246
606
1084
3300
3604
4462
4501
1361
4291
6306
2633
1492
3825
5722
4432
2534
832
4092
4452
2582
2050
5742
5738
1364
4766
6357
3053
3392
1190
6092
6020
2489
2051
1081
6082
1394
5365
2806
5419
666
2341
983
3601
2530
1277
6273
5794
2706
1237
5115
4272
1797
2038
3816
836
4877
1984
6078
2134
2065
4270
3511
3044
3769
3729
4176
3062
1995
33
5716
2655
5095
4166
4431
266
2846
3149
5882
1160
1587
1281
4410
5985
6090
142
139
2125
5710
1191
4915
3782
4409
5264
670
4647
3087
774
1165
5541
1334
3551
1088
1915
1788
5009
5462
5078
719
4824
6370
2515
270
5928
3884
2507
3358
3865
5546
318
3386
2029
3967
6425
6123
704
369
795
3807
4744
1910
616
6247
4386
1192
5570
2670
4956
5189
1541
5149
1550
5709
1919
2094
3656
5011
299
1167
4696
2849
6389
238
4429
306
1902
2151
3009
4281
2439
294
1810
2596
2747
3337
3206
5821
3496
2002
5288
2100
1189
5994
2619
6312
5647
5934
1558
4772
363
4051
6005
2120
5617
5010
1748
2862
5448
2272
1676
483
2652
6363
4368
4230
598
4983
2761
5649
4830
1540
4805
2856
569
1452
5015
6238
2234
2792
4722
81
316
5268
6064
4038
1533
2763
4154
231
6120
1174
4885
1265
5684
573
358
5607
4670
0
3281
926
188
6435
1717
609
1765
3877
1240
2559
3203
4972
324
271
1792
6102
1923
1906
4177
5618
6464
1290
2294
1478
2868
368
480
4520
4630
2446
5474
4119
611
4447
673
2088
1843
2528
2068
1608
2570
5338
4189
4563
5359
4909
3943
6066
1147
4502
1376
3918
4879
4678
3197
4234
5664
5682
4781
1992
1686
2122
1784
2586
1985
2232
1671
2701
2676
4546
798
4860
4893
4591
1447
2380
1127
2625
3757
4500
5381
2045
570
1958
5624
4610
555
199
4140
4210
1599
2360
3749
3612
2524
2702
1196
2139
284
1327
3548
433
584
5662
1990
1751
3162
1480
4615
1325
5045
1173
1079
1217
6139
3526
2071
5730
1582
5017
1584
2537
3266
4474
3857
4400
2055
4527
2070
2018
2260
2823
4494
1817
781
2356
4542
3147
6174
432
5630
747
4774
4090
4340
3225
3558
366
6031
1685
3963
4221
693
2447
3818
4798
5528
2889
347
2485
2834
4417
2851
3275
977
2347
1585
2843
3719
655
3764
2300
2782
3638
1979
2759
1600
4980
4168
777
530
4133
4261
4837
5308
3453
349
5620
4643
1065
6106
4104
323
1497
362
1485
2517
2239
3701
2019
5784
1835
5013
4874
3625
1529
1829
577
4736
4598
4907
3114
3907
1763
2170
2279
107
2383
206
6380
2766
4784
1200
4181
754
1000
3762
3452
4889
800
1053
1842
1928
912
5486
4987
1744
3664
5966
2592
1183
4730
3747
5539
4687
2233
2015
4937
2303
1512
751
2028
1208
1461
3331
4086
348
2688
4241
2797
3366
4446
518
1058
1110
2795
5625
2328
240
936
5344
205
4247
799
5052
275
959
2832
5351
4126
259
604
2331
3449
4392
41
1769
5678
190
1186
3707
1743
1019
3188
1712
196
3968
5410
330
3987
1145
1668
4636
5677
2493
787
2385
257
2289
600
1102
5289
3077
2119
4089
1716
3733
1457
5674
1821
3712
876
2428
5425
4258
2779
641
5084
1520
5542
812
5559
4689
3675
3796
2494
2623
3648
6044
1828
2538
5983
1623
634
3851
2172
2457
3984
691
4033
1203
2296
3710
1689
1898
3723
2488
4588
5027
3897
213
1755
5258
4833
2555
3856
1073
1809
5646
1146
4991
4565
847
3698
2466
1193
4780
2734
4441
4405
241
4530
336
5771
3722
5786
6017
211
6281
2438
4648
4233
2780
3822
4967
6205
1407
2506
5923
1445
940
4882
2458
5724
3748
2882
2796
897
4812
3830
4858
1085
558
1749
1470
3214
84
5621
6245
4779
3224
2449
5818
3592
5740
4013
2771
5473
1155
4284
5705
4908
6419
5202
4229
5101
694
3277
4680
1811
4185
1839
1794
1752
2910
4461
1702
5656
4106
500
3692
4581
4948
6402
1917
1539
4440
1371
3236
3320
5337
2845
6021
1006
4252
5675
3371
1305
2541
2422
5816
1942
1477
1715
2720
5047
2985
3525
1283
1367
1933
374
4442
4071
1912
6127
1451
1315
5796
3235
755
4236
2804
4628
731
4315
5094
3858
5768
5160
4976
5767
5083
4613
4701
4127
2054
2786
1718
5248
2762
1638
3270
2003
2620
6348
2968
1548
2332
1199
3805
5001
5606
4118
6395
5411
1785
1070
958
1774
2173
4585
2940
4484
967
24
4671
1488
1693
1610
1830
3471
5506
2133
1669
4492
592
327
771
1443
823
2164
1771
2891
98
6431
2667
1161
1271
561
1789
3895
4083
6382
5552
672
297
1780
5697
2789
1503
5491
1887
6129
776
1353
2250
2659
4517
2785
5504
5604
838
2059
2689
3880
1282
6075
4783
2424
1162
5201
2222
4900
5412
2175
2130
2753
5331
1064
2743
5870
2064
4807
121
230
1495
2838
4705
5833
288
3495
4711
239
2268
1318
5781
4532
6244
5167
2924
6099
4098
2256
3304
760
2345
2643
2817
4215
1876
1027
1767
2481
400
5295
4164
681
5765
5155
565
1040
1490
2724
1153
1657
5158
1381
5616
1297
1745
3621
6234
6077
3111
1239
1341
3882
399
1159
3581
714
1886
1816
4222
5629
2812
1510
5698
2236
2531
5334
1800
4558
2622
4808
1573
2021
4123
169
3713
1125
5913
1136
883
4822
2046
4840
5492
1778
1307
6108
1408
2604
222
5026
1670
1966
5079
3324
2062
2898
4093
2799
1853
4396
2101
5333
4978
2167
2245
4314
2775
5991
1975
2116
4802
4435
4979
2714
1878
5490
2358
6073
3018
4842
1071
5551
827
2093
2095
5283
5029
999
4836
2516
2178
3624
6079
2716
503
3219
3323
5755
3691
5050
5533
4260
431
4595
5803
4256
5762
5014
3678
3148
4064
5622
4793
6095
5273
3590
5806
5204
2147
6058
3912
1244
4634
4512
1641
6406
5634
2614
4317
1464
6125
3670
2547
3334
1916
4605
2351
5598
1955
3615
5006
4248
1456
3709
2874
3766
2639
1354
2777
2575
4165
1252
5737
2718
3297
3559
3715
338
6405
3568
1453
4469
2277
507
1022
2867
733
6072
964
1710
5802
5720
4606
4990
2527
2694
5112
1854
2773
4095
5887
4549
1948
191
4536
3786
3569
1849
1525
4466
1983
4973
2719
1331
4625
6353
1248
4713
3405
981
2137
3998
2026
1332
5712
4800
2148
144
2699
1921
6034
1412
4169
1534
4944
5382
4371
5707
6243
985
2115
599
971
3027
2949
1427
1997
1168
1619
4896
96
2154
379
1175
1647
2583
803
1565
129
3735
2519
5292
4505
5714
6027
3783
4960
2895
296
3736
1976
293
2958
3584
4225
3910
3859
1527
5799
3070
4310
143
4069
1530
170
2742
696
804
5590
4904
3694
2805
5912
1465
5119
2455
6012
779
4859
3022
4471
232
4555
1934
4799
5066
2087
1645
1943
5341
2499
3492
4308
1758
3292
3986
5000
2057
2355
5266
403
579
5299
1139
3699
1114
4827
6424
2267
4994
4088
3702
3510
5265
5731
2282
3742
436
1141
6231
1656
3637
3338
263
1013
1379
1655
309
4367
5196
2709
2578
2491
1535
5932
4828
1872
3227
3724
2136
164
1697
1505
4313
4036
3054
2226
4872
2660
1627
5805
4029
513
4611
5012
3336
194
2828
4553
763
329
485
5300
2022
2160
1865
4806
2815
1726
5030
4259
1078
150
1953
5182
153
6088
4135
1750
289
140
1804
1658
4795
671
2037
3997
2153
791
2011
6126
4486
6037
4624
4829
1962
1633
6074
1351
2971
1803
1129
651
4389
2649
920
4142
1377
5600
4596
499
3007
1466
2893
4703
5269
3588
1426
1866
2972
6397
1557
1818
273
2821
5807
5075
1417
1798
1184
646
4504
1269
2171
2791
4266
1521
4825
3190
2033
1982
128
4183
5530
4890
325
2425
4814
805
1438
4787
4681
1786
2131
813
5951
2906
1944
2824
2532
1224
1727
1677
5407
100
1615
2908
3739
1370
4720
3543
1832
756
4887
5558
1309
6217
5379
986
4096
5572
4639
3264
254
333
4594
3318
1166
2109
2661
6307
1437
1603
4307
5254
1927
3463
3756
1509
5708
4539
2434
4414
2180
1157
4022
4081
1952
3484
778
1322
6379
186
3050
4614
2193
2936
4010
3879
1295
4540
898
332
744
2238
5615
235
262
1759
4810
1072
5363
4336
1012
2974
5780
3092
1352
1036
3527
3469
1576
1609
2479
4278
3122
2237
4508
1074
5439
826
5464
1324
2031
2001
3457
2181
1770
3847
4686
377
2787
4274
643
1057
4995
3864
2199
2012
5610
3226
6375
4018
76
3635
5548
2738
6157
3684
1781
1083
5711
4529
743
6350
4892
3146
2227
5531
1870
6080
1077
1090
3391
2384
147
2813
1957
3091
2157
5114
2263
1428
5741
5955
2678
350
5328
5732
4847
2948
2984
4100
3276
2571
1532
2089
1996
201
1663
4094
342
730
2657
2853
1737
360
899
185
4017
4564
2774
5508
3969
1254
5245
2841
815
3758
478
2283
1787
5122
148
3294
556
2482
357
2557
2020
4498
6400
256
1164
3705
4655
3290
2460
2508
5847
5727
1179
3966
2632
2873
6345
3708
2034
4943
2646
4121
285
3663
6148
806
1032
1709
3688
398
2989
2756
5735
5785
6296
3299
1935
1680
683
3042
3666
1852
383
1607
4184
6094
1474
3734
5543
5237
3230
328
2520
2656
4955
1225
4884
3459
45
2016
1321
1294
4694
1833
2877
5798
4362
5554
4378
2333
5097
4924
250
4888
4554
3437
1026
665
1639
1365
393
3031
4145
5353
2842
1181
3921
1858
2501
6156
2411
2032
6361
1936
3458
2275
2577
4012
3720
4945
3205
378
290
282
3725
4072
6279
5267
2006
4897
2642
2781
4961
6383
4635
4382
6081
5123
4525
1611
2721
617
1756
6369
3777
6426
4381
452
3716
4000
2271
308
2956
4182
1176
4025
3800
1791
3287
3760
104
4704
3784
1446
5563
487
2218
6122
1973
5683
1711
3633
502
4664
2758
4785
3015
1679
2579
6006
1546
2287
1228
6032
1707
3055
4493
4129
1343
371
4942
2833
648
1595
2969
4487
6158
1605
6003
2121
6100
2552
5349
5815
1925
1349
4516
2361
1581
3838
3200
1177
4906
1861
4835
1888
5560
356
4043
4067
2335
4006
1522
3683
4905
810
5505
4601
2073
515
1617
1182
5093
1221
1879
2374
1779
184
376
3462
4271
4311
825
3728
3002
5414
4034
684
745
705
6215
2500
2979
6015
1883
5168
4370
3583
1583
1868
4483
322
5081
4816
2561
5429
3477
3693
1986
3909
1257
5877
1812
6388
1016
4055
3335
2980
896
3753
4394
3554
2536
4137
910
6042
1889
1431
4397
5797
1369
4801
1131
341
721
345
219
1772
5092
5992
995
1698
2711
1736
1059
1499
3806
4928
3682
2306
1515
1893
2510
6236
2144
2257
1628
5820
3497
5440
2431
5316
3237
3466
970
4638
758
5271
4809
4014
1667
486
4162
4602
759
4045
5163
2807
319
1382
6433
461
4444
261
5424
2827
6145
526
2155
4777
5049
1130
4186
5599
4707
1949
1206
2079
216
2373
482
5814
1746
1468
2692
4959
2684
5249
5152
6043
2072
750
4729
1423
5169
6454
2243
2794
2311
1841
3731
2209
1416
3288
5733
4058
3354
1526
5154
315
5018
14
5726
5680
6392
2525
1462
1204
5099
5922
2700
1762
890
2228
1172
1374
5233
3199
1661
3855
1359
711
2947
2083
5317
2687
2036
1300
1932
2560
5293
446
6062
522
618
516
4250
909
5869
1400
3826
3498
3191
260
3832
5886
2128
722
1096
785
5855
5287
2086
3636
1613
2831
5020
131
5070
5575
6091
163
6393
3317
3655
575
4207
3000
2118
3483
941
3494
198
1594
3770
4618
4156
4820
2010
3467
2009
224
1472
1665
3550
952
4267
157
6007
1441
5996
6000
3212
2142
1194
4660
3628
1813
1846
2750
688
6033
5074
4669
4286
4054
4786
1258
2599
2305
2580
4330
935
4077
5665
6288
2986
1969
2811
4465
2158
4974
657
4448
5812
4649
426
5553
2440
4269
741
1681
5998
3387
2150
1329
582
4792
2569
2477
3250
3034
4506
6355
4597
3679
6143
3741
638
5304
1171
1838
4053
301
5437
2945
2432
2850
4815
3039
5387
3980
1212
2177
987
1856
5871
2902
4712
3639
1899
572
5713
1108
6420
456
5325
3005
2078
6240
5069
5657
5278
4304
2288
105
5728
2626
560
801
2837
4454
1523
2364
412
3904
5906
1580
2478
3591
984
3767
3893
2904
4449
1940
2063
1234
4254
4232
5085
5719
2826
1754
1235
1251
168
1700
2825
5290
3460
1649
998
2739
554
287
4134
2241
6101
3441
5592
4667
1626
6401
3993
1579
295
4079
2685
1082
5068
5844
5427
2938
1213
5813
6398
3228
1592
5330
1980
4699
1149
2008
3814
1506
765
4383
5386
6048
233
2950
5565
4097
331
2752
6390
4476
204
2961
1807
5274
727
4353
2208
5116
4035
682
5587
4668
114
226
4755
716
1824
5384
2754
5981
881
4579
4931
1926
3711
6036
1998
2994
6085
6239
2056
1773
720
1723
1554
509
6416
3801
6304
5077
4747
2663
5850
1654
1170
3223
3629
3465
303
5329
3461
6086
576
4562
1938
2280
1714
5790
4665
764
6302
2901
2210
793
5783
3582
70
2270
202
5423
3718
4188
4002
1635
4997
2905
2801
5291
2521
4710
375
1100
822
3632
729
4952
5476
2340
4903
4622
2941
5356
2212
2573
6068
2375
5087
2727
3282
969
458
4101
1393
180
2041
1256
415
2767
2981
4030
3201
591
2543
2886
2585
2372
3501
5432
4626
3737
2876
5057
85
2112
2365
4005
968
2511
5823
302
4537
913
3049
3861
588
2077
732
5827
708
3355
1243
2081
5198
1413
280
4552
6155
1549
339
4255
1701
2533
645
4913
5496
1692
2354
2899
2327
1444
5016
3872
2937
1508
2568
437
2522
1819
149
4028
6218
210
5320
1454
6013
2039
698
1075
5557
2442
2338
3817
4385
6422
843
6009
5826
4047
5502
1988
1847
1272
2861
1158
5524
1904
1766
1150
2435
892
1939
158
3976
4782
1069
3075
1556
2163
1606
1808
2903
2105
6421
1434
3755
1418
1598
4875
466
3673
593
113
1651
3194
3662
3785
715
2863
1950
2075
3586
214
1255
2299
2647
5632
3983
2783
1590
1068
291
5174
6396
2498
3325
5262
1348
4968
2673
3233
2635
3573
1545
5232
4981
117
4144
4953
5240
3036
2768
1137
2468
2997
311
1734
1963
4841
5385
2103
4212
4141
6418
4153
1764
5588
4821
2839
1128
2052
1304
37
614
4533
2285
5111
950
4438
335
2878
1572
1387
4714
5250
441
5982
3908
1268
2818
677
5495
1009
3852
4393
1941
2644
4495
5205
2963
1875
4661
281
4276
1185
6199
2061
5048
2955
12
2554
4927
1994
4685
2040
1063
2858
4507
4797
2302
4464
3959
6141
3491
1430
3066
1820
2309
5787
6008
3076
74
1156
1219
6130
1483
4832
5596
2769
5028
1684
3671
3446
4690
4870
4651
5568
703
3985
5679
3030
2215
340
5113
2952
5494
2778
3831
6026
5489
2976
1326
3326
5988
6124
6241
3721
4719
4728
1280
3652
3645
4237
3220
141
4268
2069
5459
4702
95
4894
2357
5782
6233
6235
90
692
2680
1793
3524
5117
3572
6423
1900
3706
5345
544
387
481
2304
4522
2007
2025
4917
310
6065
2350
4003
2666
3359
6232
267
2855
2074
1241
5534
6354
2736
2076
2141
3685
4373
4652
1134
2368
1884
4158
3919
2751
4813
3990
3482
5374
2800
2104
2168
1913
2352
525
557
574
4273
2359
4984
5663
3578
5696
3393
2935
3468
6128
5789
1947
3013
2278
3640
2760
313
4151
1551
1024
3828
3660
2201
4403
581
4413
2080
2966
1930
4223
4950
4600
4778
2608
6198
3850
5550
2723
4645
354
6183
3485
4838
2722
828
4039
3257
1210
5873
4524
3575
2349
2165
6371
1345
1111
3341
269
1463
1460
5773
3298
4249
2998
4384
4437
1205
1604
4584
5872
5151
1648
80
6029
4040
587
2397
2366
642
1262
1267
1220
2744
4700
352
6069
3378
2441
4657
3321
639
4543
3727
2096
1355
2255
1659
739
4733
2138
1458
4654
1242
532
2111
2669
742
1215
4379
1616
1025
4344
4327
4240
871
1901
3925
2755
4633
2892
4451
3488
5046
1519
3994
1799
353
1704
3658
3649
4496
2847
1330
2348
1229
2371
2848
4731
5455
1827
6280
116
1187
5430
4412
1924
1991
2156
4264
5021
2330
5413
467
1660
2563
3352
3561
2166
1101
5717
1095
4490
1713
3265
2880
47
1591
4343
2653
1814
4675
5779
3821
1493
728
963
2927
4004
2310
279
3295
3726
4426
4376
780
1107
946
2470
5648
1496
4124
4509
3116
317
709
1163
2400
5483
3353
2844
4048
4415
4629
2602
1989
5416
4935
1144
4569
1650
2085
2679
1264
980
4603
4061
4926
5729
2640
2108
908
4510
2451
975
4470
2674
816
320
3328
1783
343
1569
1691
706
594
5774
2939
1837
2251
796
4523
2048
2448
2426
3454
2225
4026
3686
1346
4015
2187
1666
5259
4082
6084
3672
429
2066
278
4231
3746
3913
1720
6160
4578
1831
2793
2297
4863
160
489
1007
4693
5718
3440
531
2030
2562
6089
4375
2043
1223
2546
874
365
4157
3780
615
245
1378
2414
6083
649
125
1422
2273
1142
2542
1263
2717
650
613
4419
5121
1844
4251
1795
4528
5383
4163
1703
5549
4514
2715
4811
1567
3048
3898
2067
5556
3703
1226
2840
5355
930
3730
2377
2247
2830
4364
3819
3489
2106
2313
4732
1653
1946
1618
2362
1892
189
5090
578
110
808
367
4790
1494
2334
2149
1238
2523
1298
6024
2379
5743
355
3661
3442
2788
675
5065
4150
5706
1945
1356
6023
2871
1489
1259
6030
2274
5255
3771
1358
223
2879
2645
3017
2859
5219
1247
2265
6025
1195
948
724
4372
653
680
2816
3827
465
2053
286
1106
2091
2502
1739
1415
5676
726
768
906
171
3740
252
4478
1690
4819
91
2995
3232
4803
2704
5472
1877
1135
1169
2214
4209
4009
1344
2312
4826
6022
2890
533
5619
79
2808
2140
2964
6010
965
2005
2770
603
5772
1123
1602
5318
3215
5817
2866
4475
6018
4513
6305
274
3123
5573
1836
123
3743
427
4531
2186
1874
2983
31
3296
3350
3542
298
3776
5244
5422
4971
2776
4958
6121
3213
428
2123
4338
1178
1586
953
4734
6014
842
4535
5734
4673
2216
2097
2551
5725
1500
4796
3778
5197
4735
3700
887
5285
885
737
5251
175
1796
839
3761
3450
2897
1687
4612
2495
5969
6442
568
2836
6351
4374
1724
3493
1124
5608
1725
5324
416
5704
2725
1951
4949
6310
6067
3677
2042
746
4965
3552
534
769
2697
1801
1270
2049
1636
4246
4788
1777
5261
4149
3322
2467
1911
361
589
3940
880
4080
1360
75
1806
2058
4016
3623
1931
152
2900
4604
2957
2023
5072
2339
4326
1276
4817
1695
2686
5569
4737
4342
4160
3619
1401
997
4511
5493
1664
5995
3248
3342
4763
707
6063
1738
1914
6096
2887
1148
1250
5898
1439
4011
4695
3272
3305
4662
4078
3021
4947
1094
1672
3210
4709
1863
4677
1543
6394
5808
4721
3024
5322
3911
3189
5100
3403
1450
2013
2870
4041
351
2127
2344
6070
1968
4042
1629
5801
5848
2695
2802
4916
4954
6016
5589
2307
4698
154
3291
1397
2954
5809
5595
4880
4658
1143
5327
1253
2665
3455
4761
4365
1620
4099
2703
2757
637
2883
647
524
3217
1231
735
3667
1260
1011
788
1547
5256
2798
602
644
268
5793
6060
3995
292
4518
753
2973
712
4901
1823
4568
3745
6237
2469
404
5997
4992
2176
2683
6216
809
1303
1366
1802
179
2443
4152
5276
635
1825
5633
1696
2584
840
4027
2290
3844
4911
2518
1845
5082
699
4839
2894
6087
3952
3052
6308
1449
2654
2977
4717
640
889
2161
1688
1405
3697
4253
1974
2084
2129
2987
3562
2675
3991
545
5025
3917
1076
2162
979
4919
2988
4856
1154
5800
888
3556
3620
5591
6105
512
978
679
5019
4716
4056
3932
4305
3690
2124
3732
3074
3067
2790
237
3829
3238
2343
2017
656
4631
1513
1652
1869
1201
3981
1864
1133
1634
370
2925
4666
4411
5567
3361
1380
1266
4946
1395
195
3869
1826
182
5377
4497
1436
4656
4526
740
1624
1531
1907
2281
3744
3284
5195
3370
767
1514
1961
4672
4966
1890
3229
2881
2572
2512
4996
2284
2098
5206
5247
4556
321
2819
4621
5586
4726
1977
4560
2000
1021
2152
1502
4219
2677
2943
752
5547
4834
5828
4804
5831
6202
1301
3680
4570
2784
1760
945
5156
1481
4599
2169
3738
146
4891
2765
1882
1126
2496
567
3356
4085
2329
1699
1180
5566
312
4052
307
1570
326
772
1411
867
5200
2044
305
4390
517
3303
786
4910
2587
255
6142
6076
2047
882
4617
546
344
1552
3339
2382
736
782
3676
1859
5999
1342
1421
2336
2872
276
1840
4001
209
2437
713
4008
4020
4929
2456
2060
5775
2126
3327
126
3926
4323
1314
3665
1867
1435
1708
5829
314
811
4557
2735
2946
773
2732
228
1662
2707
668
3110
5668
5088
2581
4993
595
3930
2814
97
1115
5305
5270
4132
225
4791
1897
3668
2353
4986
1132
6093
2315
4146
1440
3240
783
3650
4075
607
2912
2113
1805
137
