1 4
1 5
4 5
1 8
4 8
5 8
6 8
7 8
1 9
4 9
5 9
9 10
1 11
5 11
9 11
8 12
4 13
9 13
4 14
8 14
12 16
7 18
8 18
14 18
4 20
5 20
8 20
9 21
11 21
12 23
16 23
8 24
12 24
16 24
17 24
23 24
6 25
8 25
12 26
16 26
4 27
5 27
8 27
6 28
8 28
12 28
16 28
17 28
23 28
24 28
25 28
4 29
9 29
13 29
4 31
7 31
8 31
27 31
1 32
4 32
5 32
7 32
8 32
9 32
31 32
1 33
4 33
5 33
9 33
32 33
12 34
16 34
23 34
24 34
28 34
4 35
6 35
8 35
28 35
31 35
32 35
8 36
17 36
24 36
28 36
6 37
8 37
8 38
12 38
16 38
17 38
23 38
24 38
28 38
34 38
36 38
8 39
9 40
10 40
11 40
14 40
8 41
31 41
32 41
1 42
4 42
5 42
9 42
32 42
33 42
39 43
6 44
25 44
28 44
35 44
39 44
43 44
6 45
8 45
25 45
31 45
39 45
43 45
44 45
4 46
5 46
39 46
43 46
44 46
45 46
8 47
17 47
24 47
28 47
36 47
38 47
1 48
4 48
5 48
11 48
13 48
29 48
33 48
46 48
4 49
5 49
25 49
39 49
43 49
44 49
45 49
46 49
48 49
49 50
16 51
23 51
24 51
28 51
34 51
6 52
9 52
10 52
37 52
39 52
43 52
44 52
45 52
46 52
49 52
4 53
5 53
6 53
8 53
20 53
25 53
28 53
39 53
43 53
44 53
45 53
46 53
49 53
52 53
4 54
5 54
8 54
20 54
39 54
43 54
44 54
45 54
46 54
49 54
52 54
53 54
4 55
5 55
8 55
25 55
31 55
39 55
43 55
44 55
45 55
46 55
48 55
49 55
50 55
52 55
53 55
54 55
8 56
16 56
23 56
24 56
28 56
38 56
4 57
6 57
8 57
31 57
32 57
35 57
44 57
4 58
6 58
8 58
31 58
32 58
35 58
44 58
57 58
4 59
6 59
8 59
25 59
28 59
31 59
32 59
35 59
37 59
38 59
44 59
45 59
52 59
53 59
57 59
58 59
4 61
5 61
6 61
8 61
25 61
35 61
37 61
45 61
46 61
48 61
49 61
52 61
55 61
57 61
58 61
59 61
7 62
15 62
31 62
32 62
4 63
8 63
27 63
31 63
37 63
45 63
55 63
4 64
7 64
21 64
31 64
32 64
33 64
35 64
44 64
45 64
46 64
48 64
49 64
52 64
53 64
55 64
57 64
58 64
59 64
62 64
1 65
4 65
5 65
8 65
9 65
11 65
27 65
32 65
33 65
42 65
48 65
25 66
45 66
49 66
55 66
61 66
4 67
6 67
8 67
25 67
28 67
31 67
32 67
35 67
37 67
44 67
52 67
53 67
57 67
58 67
59 67
61 67
64 67
65 67
8 68
31 68
32 68
41 68
4 69
5 69
7 69
8 69
9 69
10 69
20 69
31 69
37 69
43 69
44 69
45 69
46 69
49 69
50 69
52 69
53 69
54 69
55 69
59 69
61 69
63 69
64 69
9 70
11 70
14 70
18 70
21 70
40 70
4 71
5 71
8 71
14 71
20 71
33 71
43 71
46 71
48 71
49 71
52 71
53 71
54 71
55 71
69 71
8 72
12 72
16 72
23 72
24 72
28 72
34 72
38 72
51 72
56 72
67 72
6 73
18 73
25 73
28 73
44 73
52 73
53 73
59 73
61 73
67 73
69 73
8 74
9 74
10 74
39 74
52 74
53 74
69 74
16 75
23 75
26 75
38 75
56 75
72 75
60 76
4 77
6 77
8 77
25 77
32 77
35 77
37 77
39 77
43 77
45 77
46 77
49 77
52 77
53 77
54 77
55 77
57 77
58 77
59 77
61 77
64 77
66 77
67 77
69 77
71 77
73 77
15 78
4 79
5 79
8 79
12 79
16 79
20 79
37 79
43 79
44 79
46 79
49 79
52 79
53 79
54 79
55 79
59 79
69 79
71 79
77 79
1 80
4 80
5 80
8 80
9 80
14 80
20 80
32 80
33 80
35 80
42 80
53 80
54 80
57 80
58 80
59 80
64 80
65 80
67 80
69 80
71 80
77 80
79 80
1 81
4 81
5 81
9 81
32 81
33 81
42 81
65 81
67 81
69 81
80 81
12 82
16 82
23 82
26 82
38 82
72 82
75 82
14 83
25 83
61 83
69 83
73 83
77 83
79 83
80 83
1 84
4 84
5 84
8 84
9 84
14 84
20 84
27 84
32 84
33 84
41 84
42 84
53 84
54 84
65 84
69 84
71 84
79 84
80 84
81 84
1 85
4 85
5 85
8 85
9 85
13 85
20 85
27 85
29 85
32 85
33 85
42 85
53 85
54 85
65 85
69 85
71 85
79 85
80 85
81 85
84 85
1 86
4 86
5 86
9 86
32 86
33 86
42 86
48 86
64 86
65 86
71 86
80 86
81 86
84 86
85 86
1 87
4 87
5 87
9 87
14 87
32 87
33 87
40 87
42 87
65 87
80 87
81 87
84 87
85 87
86 87
14 88
40 88
71 88
80 88
83 88
87 88
1 89
4 89
5 89
8 89
9 89
14 89
20 89
32 89
33 89
40 89
42 89
53 89
54 89
65 89
69 89
71 89
79 89
80 89
81 89
84 89
85 89
86 89
87 89
88 89
47 90
70 90
9 91
10 91
11 91
21 91
40 91
70 91
89 91
1 92
4 92
5 92
9 92
10 92
32 92
33 92
40 92
42 92
65 92
80 92
81 92
84 92
85 92
86 92
87 92
89 92
91 92
1 93
4 93
5 93
9 93
11 93
21 93
32 93
33 93
40 93
42 93
64 93
65 93
70 93
80 93
81 93
84 93
85 93
86 93
87 93
89 93
91 93
92 93
33 94
39 94
43 94
44 94
45 94
46 94
49 94
52 94
53 94
54 94
55 94
64 94
86 94
93 94
3 96
25 97
39 97
43 97
44 97
46 97
49 97
52 97
53 97
54 97
55 97
59 97
69 97
71 97
73 97
77 97
79 97
1 98
4 98
5 98
9 98
13 98
14 98
27 98
29 98
32 98
33 98
42 98
65 98
80 98
81 98
83 98
84 98
85 98
86 98
87 98
88 98
89 98
92 98
93 98
59 99
69 99
95 99
1 100
4 100
5 100
6 100
8 100
9 100
13 100
14 100
18 100
21 100
25 100
27 100
29 100
31 100
32 100
33 100
35 100
37 100
39 100
40 100
42 100
43 100
44 100
45 100
46 100
48 100
49 100
50 100
52 100
53 100
54 100
55 100
57 100
58 100
59 100
61 100
63 100
64 100
65 100
67 100
69 100
70 100
71 100
77 100
80 100
81 100
84 100
85 100
86 100
87 100
89 100
92 100
93 100
94 100
97 100
98 100
6 101
33 101
37 101
39 101
43 101
44 101
45 101
46 101
49 101
52 101
53 101
54 101
55 101
59 101
61 101
64 101
67 101
77 101
86 101
93 101
94 101
100 101
1 102
4 102
5 102
9 102
32 102
33 102
42 102
65 102
80 102
81 102
84 102
85 102
86 102
87 102
89 102
92 102
93 102
98 102
100 102
1 103
4 103
5 103
9 103
32 103
33 103
40 103
42 103
65 103
80 103
81 103
84 103
85 103
86 103
87 103
89 103
91 103
92 103
93 103
98 103
100 103
102 103
1 104
4 104
5 104
9 104
11 104
32 104
33 104
42 104
48 104
65 104
80 104
81 104
84 104
85 104
86 104
87 104
89 104
92 104
93 104
98 104
100 104
102 104
103 104
1 105
4 105
5 105
8 105
9 105
11 105
32 105
33 105
42 105
48 105
65 105
80 105
81 105
84 105
85 105
86 105
87 105
89 105
92 105
93 105
98 105
100 105
102 105
103 105
104 105
1 106
4 106
5 106
9 106
10 106
11 106
21 106
32 106
33 106
40 106
42 106
48 106
62 106
65 106
70 106
80 106
81 106
84 106
85 106
86 106
87 106
89 106
91 106
92 106
93 106
98 106
100 106
102 106
103 106
104 106
105 106
8 107
9 107
10 107
37 107
43 107
44 107
46 107
49 107
52 107
53 107
55 107
59 107
69 107
71 107
73 107
74 107
77 107
79 107
83 107
97 107
6 108
8 108
31 108
35 108
44 108
57 108
58 108
59 108
67 108
77 108
81 108
101 108
16 109
23 109
24 109
26 109
28 109
34 109
38 109
51 109
59 109
72 109
82 109
8 110
31 110
35 110
39 110
53 110
57 110
58 110
59 110
67 110
74 110
108 110
4 111
5 111
8 111
14 111
20 111
27 111
31 111
36 111
37 111
41 111
44 111
47 111
53 111
54 111
59 111
63 111
65 111
67 111
69 111
71 111
79 111
80 111
84 111
85 111
89 111
97 111
100 111
107 111
12 112
16 112
23 112
26 112
28 112
38 112
56 112
72 112
82 112
109 112
8 113
12 113
16 113
17 113
23 113
24 113
26 113
28 113
36 113
38 113
47 113
56 113
60 113
72 113
76 113
82 113
109 113
112 113
4 114
5 114
8 114
9 114
13 114
14 114
27 114
29 114
32 114
35 114
37 114
57 114
58 114
59 114
63 114
64 114
65 114
67 114
77 114
80 114
83 114
84 114
85 114
88 114
98 114
100 114
111 114
1 115
4 115
5 115
8 115
20 115
39 115
43 115
44 115
46 115
49 115
52 115
53 115
54 115
55 115
59 115
64 115
65 115
69 115
71 115
74 115
77 115
79 115
80 115
81 115
84 115
85 115
89 115
94 115
97 115
98 115
104 115
105 115
107 115
110 115
111 115
47 116
70 116
90 116
1 117
4 117
5 117
8 117
14 117
20 117
53 117
54 117
65 117
69 117
71 117
79 117
80 117
84 117
85 117
89 117
111 117
115 117
4 118
5 118
8 118
13 118
29 118
31 118
33 118
35 118
39 118
46 118
48 118
49 118
53 118
55 118
57 118
58 118
59 118
61 118
62 118
67 118
71 118
74 118
86 118
100 118
106 118
108 118
110 118
115 118
117 118
3 119
96 119
44 120
8 121
9 121
11 121
21 121
33 121
41 121
42 121
70 121
87 121
91 121
93 121
106 121
4 122
9 122
13 122
29 122
33 122
42 122
85 122
86 122
87 122
98 122
100 122
114 122
121 122
8 123
16 123
23 123
24 123
28 123
34 123
38 123
51 123
56 123
72 123
109 123
112 123
113 123
6 125
25 125
28 125
44 125
53 125
59 125
67 125
73 125
7 126
8 126
33 126
42 126
86 126
87 126
121 126
122 126
9 127
11 127
16 127
21 127
23 127
26 127
38 127
56 127
70 127
72 127
75 127
82 127
91 127
93 127
106 127
109 127
112 127
113 127
121 127
2 128
6 128
8 128
37 128
45 128
59 128
69 128
77 128
1 129
4 129
5 129
8 129
9 129
13 129
14 129
20 129
27 129
29 129
31 129
32 129
33 129
41 129
42 129
53 129
54 129
65 129
67 129
68 129
69 129
71 129
79 129
80 129
81 129
84 129
85 129
86 129
87 129
89 129
92 129
93 129
98 129
100 129
102 129
103 129
104 129
105 129
106 129
111 129
114 129
115 129
117 129
122 129
1 130
4 130
5 130
8 130
9 130
20 130
27 130
32 130
33 130
42 130
53 130
54 130
65 130
69 130
71 130
79 130
80 130
81 130
84 130
85 130
86 130
87 130
89 130
92 130
93 130
98 130
100 130
102 130
103 130
104 130
105 130
106 130
111 130
114 130
115 130
117 130
129 130
1 131
4 131
5 131
7 131
8 131
9 131
13 131
14 131
18 131
21 131
27 131
29 131
31 131
32 131
33 131
35 131
40 131
42 131
44 131
48 131
52 131
53 131
57 131
58 131
59 131
62 131
64 131
65 131
67 131
69 131
70 131
77 131
80 131
81 131
83 131
84 131
85 131
86 131
87 131
88 131
89 131
92 131
93 131
98 131
100 131
102 131
103 131
104 131
105 131
106 131
114 131
115 131
122 131
129 131
130 131
12 132
16 132
24 132
26 132
28 132
38 132
72 132
75 132
82 132
109 132
112 132
113 132
127 132
4 133
5 133
6 133
8 133
20 133
25 133
28 133
37 133
43 133
44 133
45 133
46 133
49 133
52 133
53 133
54 133
55 133
59 133
61 133
66 133
67 133
69 133
71 133
73 133
77 133
79 133
80 133
83 133
84 133
85 133
89 133
97 133
100 133
107 133
111 133
115 133
117 133
125 133
129 133
130 133
3 134
8 134
12 134
16 134
23 134
24 134
28 134
34 134
35 134
38 134
51 134
56 134
67 134
69 134
72 134
96 134
109 134
112 134
113 134
123 134
132 134
4 135
6 135
8 135
31 135
32 135
35 135
37 135
44 135
57 135
58 135
59 135
61 135
64 135
67 135
77 135
80 135
100 135
108 135
110 135
114 135
118 135
131 135
3 136
8 136
12 136
16 136
17 136
23 136
24 136
26 136
28 136
36 136
38 136
47 136
51 136
56 136
60 136
72 136
75 136
76 136
82 136
109 136
112 136
113 136
123 136
127 136
132 136
134 136
4 137
5 137
8 137
9 137
27 137
32 137
35 137
37 137
40 137
57 137
58 137
59 137
63 137
64 137
65 137
67 137
70 137
77 137
80 137
84 137
85 137
98 137
100 137
106 137
111 137
114 137
129 137
130 137
131 137
135 137
4 138
6 138
8 138
31 138
32 138
35 138
44 138
57 138
58 138
59 138
61 138
64 138
67 138
77 138
80 138
100 138
108 138
110 138
114 138
118 138
131 138
135 138
137 138
8 139
12 139
24 139
28 139
34 139
38 139
72 139
113 139
132 139
134 139
136 139
8 140
28 140
72 140
78 140
112 140
113 140
136 140
9 141
11 141
21 141
25 141
45 141
49 141
55 141
61 141
66 141
70 141
77 141
91 141
93 141
106 141
121 141
127 141
133 141
6 142
25 142
37 142
45 142
49 142
52 142
55 142
59 142
61 142
66 142
67 142
73 142
77 142
83 142
100 142
101 142
133 142
141 142
15 143
16 143
23 143
26 143
38 143
56 143
72 143
75 143
78 143
82 143
109 143
112 143
113 143
127 143
132 143
136 143
39 144
43 144
44 144
45 144
46 144
49 144
52 144
53 144
54 144
55 144
61 144
69 144
94 144
100 144
101 144
115 144
14 145
40 145
71 145
87 145
88 145
89 145
6 146
25 146
28 146
37 146
44 146
52 146
53 146
59 146
61 146
67 146
73 146
77 146
100 146
101 146
120 146
125 146
128 146
133 146
142 146
8 147
102 147
14 148
40 148
71 148
87 148
88 148
89 148
145 148
6 149
8 149
18 149
39 149
43 149
44 149
45 149
46 149
49 149
52 149
53 149
54 149
55 149
59 149
77 149
94 149
100 149
101 149
128 149
144 149
4 150
5 150
8 150
24 150
28 150
38 150
39 150
43 150
44 150
45 150
46 150
48 150
49 150
52 150
53 150
54 150
55 150
56 150
61 150
72 150
94 150
100 150
101 150
113 150
118 150
123 150
134 150
136 150
144 150
149 150
4 151
5 151
8 151
24 151
28 151
38 151
46 151
48 151
49 151
50 151
55 151
56 151
61 151
65 151
67 151
72 151
100 151
111 151
113 151
118 151
123 151
129 151
134 151
136 151
139 151
150 151
7 152
9 152
10 152
31 152
32 152
40 152
62 152
64 152
90 152
91 152
92 152
106 152
116 152
131 152
6 153
8 153
35 153
37 153
52 153
57 153
58 153
59 153
61 153
67 153
77 153
100 153
101 153
108 153
128 153
142 153
146 153
6 154
8 154
25 154
28 154
37 154
43 154
44 154
46 154
49 154
52 154
53 154
55 154
59 154
67 154
69 154
71 154
73 154
77 154
79 154
83 154
97 154
100 154
107 154
115 154
120 154
125 154
128 154
133 154
146 154
153 154
7 155
15 155
16 155
17 155
23 155
24 155
26 155
28 155
31 155
32 155
34 155
36 155
38 155
47 155
51 155
60 155
62 155
64 155
72 155
76 155
78 155
90 155
96 155
113 155
116 155
131 155
134 155
136 155
140 155
143 155
152 155
60 156
124 156
3 157
12 157
16 157
23 157
38 157
56 157
72 157
75 157
79 157
96 157
119 157
127 157
136 157
143 157
1 158
4 158
5 158
9 158
13 158
14 158
27 158
29 158
32 158
33 158
42 158
65 158
80 158
81 158
83 158
84 158
85 158
86 158
87 158
88 158
89 158
92 158
93 158
98 158
100 158
102 158
103 158
104 158
105 158
106 158
114 158
115 158
122 158
129 158
130 158
131 158
137 158
60 159
119 159
124 159
156 159
3 160
16 160
23 160
26 160
38 160
56 160
72 160
75 160
82 160
109 160
112 160
113 160
127 160
132 160
136 160
143 160
157 160
9 161
10 161
52 161
69 161
74 161
88 161
107 161
4 162
5 162
6 162
7 162
8 162
18 162
25 162
28 162
31 162
37 162
41 162
43 162
44 162
45 162
46 162
48 162
49 162
52 162
53 162
55 162
59 162
61 162
63 162
66 162
67 162
69 162
71 162
73 162
74 162
77 162
79 162
97 162
100 162
101 162
107 162
111 162
114 162
115 162
118 162
125 162
126 162
131 162
133 162
137 162
141 162
142 162
146 162
150 162
151 162
153 162
154 162
6 163
25 163
37 163
45 163
49 163
52 163
55 163
59 163
61 163
66 163
67 163
73 163
77 163
83 163
100 163
101 163
133 163
141 163
142 163
146 163
153 163
154 163
162 163
14 164
40 164
71 164
87 164
88 164
89 164
145 164
148 164
6 165
8 165
25 165
31 165
35 165
37 165
44 165
45 165
49 165
50 165
52 165
53 165
55 165
59 165
61 165
66 165
67 165
69 165
77 165
79 165
97 165
100 165
107 165
111 165
121 165
128 165
133 165
134 165
141 165
142 165
144 165
149 165
154 165
162 165
163 165
4 166
5 166
14 166
27 166
33 166
48 166
71 166
84 166
85 166
86 166
88 166
98 166
100 166
114 166
118 166
129 166
130 166
131 166
137 166
158 166
161 166
9 167
10 167
30 167
40 167
91 167
92 167
106 167
152 167
1 168
4 168
5 168
9 168
11 168
13 168
29 168
32 168
33 168
40 168
42 168
48 168
65 168
80 168
81 168
84 168
85 168
86 168
87 168
89 168
91 168
92 168
93 168
98 168
100 168
102 168
103 168
104 168
105 168
106 168
114 168
122 168
129 168
130 168
131 168
158 168
8 169
28 169
72 169
139 169
151 169
8 170
14 170
33 170
48 170
71 170
86 170
88 170
117 170
118 170
161 170
166 170
4 171
5 171
8 171
14 171
20 171
31 171
32 171
41 171
53 171
54 171
68 171
69 171
71 171
79 171
80 171
84 171
85 171
89 171
111 171
115 171
117 171
121 171
129 171
130 171
133 171
162 171
1 172
4 172
5 172
9 172
10 172
32 172
33 172
40 172
42 172
65 172
80 172
81 172
84 172
85 172
86 172
87 172
89 172
91 172
92 172
93 172
98 172
100 172
102 172
103 172
104 172
105 172
106 172
129 172
130 172
131 172
152 172
158 172
167 172
168 172
4 173
7 173
8 173
27 173
31 173
32 173
35 173
39 173
41 173
53 173
57 173
58 173
59 173
62 173
63 173
64 173
67 173
68 173
69 173
74 173
100 173
108 173
110 173
111 173
115 173
118 173
129 173
131 173
135 173
138 173
152 173
155 173
165 173
171 173
4 174
5 174
14 174
27 174
71 174
80 174
83 174
84 174
85 174
88 174
98 174
100 174
114 174
129 174
130 174
131 174
137 174
158 174
161 174
166 174
170 174
8 175
12 175
16 175
17 175
19 175
23 175
24 175
26 175
28 175
34 175
36 175
38 175
44 175
45 175
47 175
49 175
53 175
54 175
55 175
56 175
72 175
75 175
82 175
109 175
112 175
113 175
127 175
132 175
134 175
136 175
139 175
140 175
143 175
149 175
155 175
157 175
160 175
7 176
9 176
11 176
21 176
31 176
32 176
62 176
64 176
70 176
91 176
93 176
106 176
121 176
127 176
131 176
141 176
152 176
155 176
173 176
4 177
6 177
8 177
31 177
32 177
35 177
44 177
57 177
58 177
59 177
61 177
64 177
67 177
77 177
80 177
100 177
108 177
110 177
114 177
118 177
131 177
135 177
137 177
138 177
153 177
173 177
8 178
12 178
16 178
17 178
23 178
24 178
26 178
28 178
36 178
38 178
47 178
56 178
72 178
75 178
82 178
109 178
111 178
112 178
113 178
123 178
127 178
132 178
134 178
136 178
139 178
143 178
150 178
151 178
155 178
160 178
175 178
8 179
17 179
24 179
28 179
36 179
38 179
47 179
51 179
111 179
113 179
155 179
175 179
178 179
12 180
136 180
4 181
8 181
25 181
27 181
28 181
31 181
35 181
37 181
45 181
55 181
58 181
61 181
63 181
67 181
69 181
100 181
111 181
114 181
128 181
131 181
133 181
137 181
154 181
162 181
165 181
173 181
8 182
31 182
32 182
41 182
65 182
67 182
68 182
111 182
129 182
151 182
165 182
171 182
173 182
181 182
8 183
16 183
23 183
24 183
28 183
34 183
38 183
51 183
56 183
72 183
75 183
82 183
109 183
112 183
113 183
123 183
127 183
132 183
134 183
136 183
143 183
150 183
151 183
155 183
157 183
160 183
175 183
178 183
4 184
6 184
8 184
37 184
52 184
59 184
61 184
63 184
67 184
69 184
77 184
100 184
101 184
111 184
114 184
137 184
142 184
146 184
153 184
162 184
163 184
181 184
15 185
60 185
78 185
143 185
155 185
8 186
12 186
15 186
16 186
17 186
22 186
23 186
24 186
28 186
36 186
38 186
44 186
47 186
49 186
52 186
53 186
56 186
63 186
69 186
72 186
75 186
79 186
90 186
107 186
109 186
111 186
112 186
113 186
116 186
123 186
127 186
132 186
134 186
136 186
139 186
140 186
143 186
150 186
151 186
154 186
155 186
157 186
160 186
165 186
175 186
178 186
179 186
181 186
183 186
8 187
12 187
16 187
23 187
24 187
26 187
28 187
34 187
38 187
56 187
72 187
75 187
82 187
112 187
113 187
123 187
132 187
134 187
136 187
139 187
150 187
151 187
169 187
175 187
178 187
183 187
186 187
8 188
17 188
24 188
28 188
36 188
38 188
47 188
111 188
113 188
155 188
175 188
178 188
179 188
186 188
8 189
28 189
36 189
38 189
47 189
51 189
72 189
111 189
113 189
136 189
140 189
175 189
178 189
179 189
186 189
188 189
14 190
25 190
61 190
73 190
77 190
80 190
83 190
88 190
98 190
114 190
131 190
133 190
142 190
154 190
158 190
163 190
174 190
8 191
16 191
23 191
24 191
28 191
38 191
56 191
65 191
67 191
72 191
75 191
111 191
113 191
123 191
127 191
129 191
134 191
136 191
143 191
144 191
150 191
151 191
157 191
160 191
175 191
178 191
182 191
183 191
186 191
187 191
25 192
77 192
83 192
97 192
100 192
133 192
154 192
190 192
7 193
25 193
31 193
32 193
45 193
49 193
52 193
55 193
61 193
62 193
64 193
66 193
69 193
77 193
83 193
131 193
133 193
141 193
142 193
144 193
152 193
154 193
155 193
162 193
163 193
165 193
173 193
176 193
190 193
192 193
4 194
6 194
8 194
18 194
25 194
28 194
31 194
32 194
35 194
37 194
44 194
45 194
52 194
53 194
57 194
58 194
59 194
61 194
64 194
65 194
67 194
69 194
72 194
73 194
77 194
79 194
80 194
97 194
99 194
100 194
101 194
107 194
108 194
110 194
111 194
114 194
115 194
118 194
125 194
128 194
129 194
131 194
133 194
135 194
136 194
137 194
138 194
142 194
146 194
149 194
151 194
153 194
154 194
162 194
163 194
165 194
173 194
177 194
181 194
182 194
184 194
191 194
8 195
28 195
36 195
38 195
47 195
72 195
111 195
113 195
136 195
140 195
165 195
173 195
175 195
178 195
179 195
181 195
182 195
186 195
188 195
189 195
7 196
8 196
14 196
18 196
40 196
70 196
80 196
83 196
84 196
88 196
98 196
100 196
106 196
111 196
114 196
117 196
126 196
129 196
131 196
137 196
148 196
158 196
162 196
171 196
174 196
190 196
8 197
28 197
72 197
139 197
151 197
169 197
187 197
119 198
136 198
157 198
1 2
1 3
2 3
1 4
1 5
4 5
6 7
6 8
7 8
9 10
9 11
10 11
9 12
10 12
11 12
4 13
4 14
13 14
4 15
5 15
13 15
14 15
1 16
4 16
5 16
13 16
14 16
15 16
13 17
13 18
17 18
13 19
13 20
19 20
21 22
21 23
22 23
21 24
22 24
23 24
8 26
25 26
25 27
26 27
25 28
26 28
27 28
17 29
30 31
30 32
31 32
21 33
30 33
31 33
32 33
30 34
31 34
32 34
33 34
30 35
32 35
33 35
30 36
32 36
33 36
35 36
37 38
26 40
39 40
41 42
41 43
42 43
1 44
4 44
5 44
4 45
5 45
15 45
16 45
4 46
5 46
15 46
16 46
45 46
4 47
5 47
15 47
16 47
45 47
46 47
48 49
23 50
23 51
30 51
32 51
50 51
23 52
42 52
50 52
51 52
50 53
23 54
23 55
54 55
56 57
17 58
18 58
58 59
58 60
59 60
4 61
8 62
8 63
62 63
8 64
62 64
63 64
8 65
62 65
44 66
10 67
49 67
10 68
67 68
10 69
67 69
68 69
67 70
69 70
67 71
69 71
70 71
67 72
70 72
71 72
67 73
70 73
71 73
72 73
49 74
67 74
67 75
69 75
70 75
71 75
30 76
32 76
51 76
52 76
77 78
24 79
77 79
78 79
67 80
68 80
69 80
67 81
68 81
69 81
80 81
82 83
82 84
83 84
82 85
83 85
84 85
82 86
83 86
84 86
85 86
82 87
83 87
84 87
85 87
86 87
82 88
83 88
84 88
85 88
86 88
87 88
82 89
83 89
84 89
85 89
86 89
87 89
88 89
90 91
90 92
91 92
93 94
26 95
51 95
93 95
94 95
93 96
94 96
95 96
93 97
94 97
95 97
96 97
93 98
94 98
95 98
96 98
97 98
93 99
94 99
95 99
96 99
97 99
98 99
51 100
52 100
56 100
66 100
66 101
100 101
66 102
100 102
101 102
100 103
101 103
26 104
26 105
104 105
26 106
85 106
86 106
88 106
104 106
105 106
26 107
104 107
105 107
106 107
26 108
104 108
107 108
21 109
33 109
56 110
66 110
100 110
66 111
100 111
110 111
1 113
112 113
112 114
113 114
112 115
113 115
114 115
52 116
52 117
116 117
70 119
72 119
118 119
118 120
119 120
67 121
81 121
67 122
81 122
121 122
67 123
81 123
121 123
122 123
26 124
26 125
108 125
124 125
4 126
4 127
126 127
4 128
126 128
127 128
126 129
127 129
128 129
91 130
92 130
1 131
91 131
92 131
113 131
114 131
130 131
91 132
92 132
130 132
131 132
91 133
92 133
130 133
131 133
132 133
91 134
92 134
130 134
131 134
132 134
133 134
113 135
114 135
131 135
113 136
131 136
8 137
137 138
24 140
139 140
96 141
142 143
142 144
143 144
100 145
142 145
143 145
144 145
4 146
146 147
146 148
147 148
70 150
73 150
149 150
149 151
150 151
4 152
4 153
16 153
4 154
16 154
153 154
26 155
108 155
108 156
155 156
155 157
108 158
155 158
102 159
51 160
160 161
160 162
161 162
160 163
162 163
4 164
61 164
4 165
61 165
164 165
4 166
61 166
164 166
165 166
167 168
51 169
52 169
67 169
76 169
122 169
167 169
168 169
42 170
51 170
52 170
53 170
76 170
167 170
168 170
169 170
17 172
18 172
115 172
171 172
40 173
40 174
173 174
40 175
173 175
174 175
4 176
5 176
15 176
16 176
45 176
46 176
47 176
4 177
5 177
15 177
16 177
45 177
46 177
47 177
176 177
95 178
97 178
95 179
178 179
95 180
178 180
49 181
49 182
181 182
49 183
181 183
182 183
106 185
184 185
184 186
185 186
184 187
185 187
186 187
91 188
92 188
132 188
8 189
113 189
135 189
7 190
7 191
190 191
7 192
190 192
7 193
190 193
192 193
56 194
100 194
110 194
145 194
56 195
100 195
110 195
194 195
194 196
26 197
26 198
5 199
199 200
5 201
17 201
18 201
199 201
200 201
5 202
199 202
200 202
201 202
199 203
201 203
202 203
5 204
199 204
201 204
202 204
168 205
169 205
140 206
140 207
206 207
19 208
118 209
210 211
210 212
211 212
210 213
211 213
212 213
70 214
119 214
210 214
211 214
212 214
213 214
210 215
211 215
212 215
213 215
214 215
32 216
32 217
216 217
32 218
216 218
217 218
30 219
32 219
33 219
35 219
21 220
23 220
24 220
33 220
21 221
33 221
220 221
212 222
212 223
222 223
212 224
222 224
223 224
212 225
222 225
223 225
224 225
49 226
183 226
23 227
23 228
227 228
24 229
140 229
140 230
5 231
26 231
21 232
24 232
231 232
21 233
24 233
231 233
232 233
26 234
125 234
231 234
5 235
231 235
5 236
231 236
5 237
231 237
236 237
5 238
231 238
236 238
237 238
40 239
231 239
236 239
40 240
231 240
236 240
239 240
41 241
42 241
41 242
42 242
241 242
41 243
42 243
241 243
242 243
41 244
42 244
241 244
242 244
243 244
201 245
204 245
236 245
231 246
236 246
239 246
240 246
245 246
236 247
245 247
246 247
67 248
122 248
169 248
4 249
5 249
16 249
1 250
4 250
5 250
16 250
26 251
198 251
201 252
201 253
252 253
5 254
201 254
125 255
125 256
255 256
231 257
236 257
239 257
240 257
246 257
17 258
18 258
199 258
201 258
202 258
1 259
113 259
131 259
85 260
86 260
88 260
106 260
17 261
18 261
83 262
85 262
86 262
88 262
83 263
85 263
86 263
88 263
262 263
65 264
65 265
264 265
52 266
170 266
52 267
170 267
266 267
21 268
24 268
232 268
233 268
149 270
150 270
269 270
150 271
269 271
270 271
269 272
270 272
26 273
4 274
13 274
42 275
43 275
42 276
43 276
275 276
42 277
43 277
275 277
276 277
15 278
15 279
278 279
102 280
280 281
40 282
175 282
107 283
107 284
283 284
67 285
69 285
75 285
95 286
21 287
21 288
287 288
169 289
169 290
289 290
52 291
169 291
290 291
169 292
290 292
149 293
150 293
270 293
150 294
270 294
271 294
26 295
26 296
295 296
26 297
231 297
5 298
201 298
204 298
245 298
65 299
265 299
65 300
265 300
299 300
65 301
265 301
299 301
300 301
65 302
265 302
299 302
70 303
72 303
119 303
214 303
38 304
60 304
38 305
304 305
26 306
32 307
51 307
51 308
95 308
184 309
185 309
186 309
184 310
185 310
186 310
309 310
101 311
113 312
114 312
4 313
5 313
16 313
250 313
4 314
5 314
16 314
250 314
313 314
26 315
26 316
315 316
26 317
315 317
316 317
116 318
116 319
318 319
116 320
318 320
319 320
116 321
318 321
319 321
320 321
51 322
160 322
4 323
16 323
45 323
4 324
16 324
45 324
323 324
172 325
40 326
239 326
240 326
126 327
127 327
128 327
70 328
303 328
70 329
303 329
328 329
4 330
126 330
127 330
128 330
331 332
331 333
332 333
15 334
331 334
332 334
333 334
331 335
332 335
333 335
334 335
170 336
51 337
95 337
308 337
95 338
95 339
338 339
128 340
128 341
340 341
8 342
137 342
8 343
137 343
342 343
8 344
65 345
65 346
345 346
115 347
172 347
70 348
119 348
214 348
303 348
70 349
119 349
214 349
303 349
348 349
70 350
119 350
214 350
303 350
348 350
349 350
70 351
119 351
214 351
303 351
348 351
349 351
350 351
113 352
135 352
113 353
135 353
352 353
113 354
135 354
352 354
353 354
113 355
135 355
352 355
353 355
354 355
113 356
135 356
352 356
353 356
354 356
355 356
60 357
304 357
60 358
304 358
357 358
60 359
304 359
357 359
358 359
102 360
280 360
102 361
280 361
360 361
95 362
97 362
67 363
42 364
52 364
170 364
17 365
18 365
15 366
334 366
15 367
334 367
366 367
15 368
334 368
366 368
367 368
32 369
32 370
369 370
4 371
16 371
107 372
4 373
5 373
16 373
4 374
5 374
373 374
207 375
207 376
375 376
207 377
375 377
376 377
70 378
303 378
70 379
303 379
378 379
