26
4
16
5
15
17
18
140
231
21
24
32
95
51
65
107
201
170
52
183
49
8
113
135
1
128
67
169
131
122
168
97
236
114
23
186
40
102
45
212
38
60
118
42
175
178
136
12
157
119
69
75
41
43
53
160
44
146
70
72
106
86
154
165
151
55
100
85
33
88
83
137
28
47
130
101
77
92
123
111
54
46
35
187
158
87
89
98
184
64
181
93
143
9
129
150
153
61
108
194
31
59
91
134
48
25
190
80
84
115
173
127
14
162
6
133
144
71
155
171
149
152
56
196
110
37
125
193
176
30
94
132
121
172
270
7
334
214
353
20
303
199
166
104
11
240
81
142
141
117
265
195
246
320
211
179
116
161
177
36
207
57
109
105
355
13
126
112
204
202
188
148
163
79
10
271
304
39
62
299
354
174
191
82
58
333
321
189
359
239
96
352
224
349
335
182
301
215
73
377
185
356
375
138
350
63
124
358
139
269
223
331
34
290
213
232
145
203
245
103
218
244
275
68
287
255
351
314
241
156
366
357
316
317
318
19
319
164
167
376
210
243
257
368
280
330
272
222
293
242
313
74
276
225
247
216
268
277
238
159
29
332
90
27
258
99
281
348
66
360
329
298
253
315
323
200
283
310
326
221
3
367
374
2
262
361
233
250
373
379
192
197
217
279
198
249
302
237
76
294
309
343
295
338
300
340
291
256
274
278
322
305
228
347
234
78
289
370
292
337
345
227
307
252
220
342
324
285
209
251
328
263
306
259
296
311
147
308
327
208
205
297
206
248
363
266
267
339
341
288
284
254
260
346
219
226
369
325
312
344
378
372
371
22
235
180
50
230
362
273
282
286
364
229
264
120
261
365
336
