672
782
768
797
72
358
65
442
127
497
576
139
791
671
445
907
1006
48
584
340
197
890
1030
995
1213
882
850
838
783
806
922
996
619
799
1178
566
473
283
54
827
399
471
928
457
946
833
1150
81
1072
615
981
128
253
830
156
449
21
706
170
22
327
694
62
292
418
404
141
338
119
517
1079
376
120
498
384
496
187
623
126
600
748
842
975
24
888
776
1193
101
775
535
729
439
841
687
647
897
1105
941
853
784
1199
851
409
816
762
565
1048
743
1200
372
692
898
185
909
115
669
97
1107
607
233
386
1152
1128
594
96
614
864
422
427
751
154
450
137
1011
357
918
217
639
655
428
724
1170
606
1059
910
100
237
1153
11
758
899
309
921
1036
742
673
215
1068
789
933
526
989
1005
441
1212
920
958
131
192
807
446
719
76
123
147
638
631
478
988
944
493
1010
500
993
453
381
495
459
195
1110
402
679
462
1075
109
540
374
60
957
520
836
437
14
1096
951
365
311
364
207
589
317
177
505
1168
182
839
84
693
308
486
835
322
138
506
346
1095
1077
643
43
755
412
289
1197
301
598
750
869
28
148
848
307
983
360
657
13
984
1086
778
821
87
699
1171
564
553
37
794
837
663
766
604
1125
796
32
1160
351
874
645
610
1029
732
484
245
739
260
525
609
165
1133
714
1143
383
592
980
163
481
1007
436
1016
682
877
69
464
49
198
314
932
353
582
203
303
516
26
999
524
1142
359
447
166
178
741
380
771
444
651
339
591
451
1176
697
602
624
772
1207
419
104
305
1164
1062
513
1034
840
805
1
225
865
637
986
740
529
966
809
543
935
886
443
1119
1054
475
152
205
572
501
712
777
700
677
176
226
902
377
144
1166
1144
1173
1078
759
707
515
1071
514
93
271
503
99
953
429
135
328
875
878
366
603
635
1155
392
405
737
291
522
1165
132
269
1014
1215
597
369
110
190
711
151
689
1050
75
335
1120
371
801
86
808
567
36
347
25
204
536
887
1177
458
1161
949
16
963
448
1194
1104
709
1012
20
272
649
855
756
2
824
636
146
348
169
917
368
1163
753
460
1185
1063
923
352
613
658
1135
1184
1167
915
967
234
1028
961
433
85
1069
769
1099
626
1041
735
634
268
159
1052
1061
212
472
470
235
800
764
987
281
286
717
763
467
931
343
577
19
533
6
1118
61
1002
266
375
1100
859
106
1109
1179
752
718
1209
1154
435
208
792
262
1087
629
844
908
1186
976
985
47
885
868
57
103
1015
53
56
181
1191
681
391
438
112
389
263
1117
722
394
950
312
571
344
12
696
695
1122
854
670
644
662
231
1037
652
939
157
287
1124
843
628
434
568
133
90
889
925
1001
642
1083
491
398
641
574
261
720
892
179
632
1031
504
171
595
432
1148
829
968
1082
113
423
511
356
825
222
834
270
701
323
476
578
255
904
259
547
252
1137
1046
31
1138
650
249
362
456
563
519
1003
341
333
189
665
209
611
846
1094
318
232
785
822
1074
659
387
555
430
674
230
710
965
1206
334
599
713
1035
211
901
1174
150
251
684
68
530
1115
867
893
407
863
680
767
727
884
558
416
50
621
1024
538
121
927
579
122
934
3
465
1073
653
158
1032
313
1017
973
978
111
469
210
860
142
202
969
294
691
243
998
546
1149
1141
1106
728
894
1088
258
1097
936
44
246
304
561
747
715
219
736
80
52
489
295
161
46
793
1132
818
1114
960
872
534
483
952
102
1093
168
1195
1127
299
454
972
480
580
66
193
326
415
1027
414
1210
512
765
1151
906
440
560
1038
125
570
781
38
411
559
1019
238
774
616
1183
250
83
690
265
1064
569
761
1116
994
184
1026
937
876
826
134
521
401
421
1205
790
1084
345
332
1049
954
1145
971
485
279
773
685
1182
91
903
1156
926
74
206
17
1112
73
745
1172
30
913
1123
586
725
730
587
284
201
55
527
426
1039
300
675
78
733
554
488
174
914
94
1009
1130
656
1070
40
98
1044
410
95
1051
240
330
552
431
817
866
562
417
88
1076
1175
42
537
929
828
1022
1208
1162
224
919
630
964
1190
180
852
845
220
153
1198
160
612
1220
686
77
373
310
945
145
856
8
58
236
390
1042
811
1055
23
1092
136
870
282
1033
82
321
9
306
660
581
942
278
912
1169
955
413
1204
608
620
275
130
891
702
379
786
1018
425
1108
363
676
264
1020
325
627
510
896
296
393
1121
539
492
406
1000
557
654
832
731
477
871
803
105
455
194
583
618
337
18
974
814
588
1008
1081
881
596
1211
277
605
962
1004
550
466
880
873
276
523
1102
10
1181
734
549
1126
39
214
787
1139
114
247
900
804
173
531
1187
648
319
947
349
979
229
721
1056
400
640
0
324
1140
118
1157
548
601
666
41
1111
1134
940
1192
70
188
482
703
1146
770
1131
617
509
1113
810
895
298
256
1089
396
556
997
285
716
108
1090
452
420
788
1219
518
879
795
424
1043
1216
924
585
274
857
1221
1217
815
688
704
257
51
320
1040
819
388
938
575
1080
1057
302
661
1045
738
172
315
633
823
479
293
395
625
129
1098
664
541
959
63
242
117
67
573
502
911
1060
746
403
350
992
977
847
29
336
528
494
1101
149
723
646
397
802
200
1147
4
1196
92
183
1180
34
930
831
463
490
191
288
248
64
991
342
849
780
1021
35
408
239
1023
254
89
1091
1058
228
164
223
1136
1201
199
948
861
1085
71
905
33
551
474
329
273
116
216
813
542
218
316
186
297
754
798
943
175
244
1013
367
593
221
280
1053
1129
858
982
744
155
1203
622
1159
726
956
970
883
590
812
354
385
267
1025
27
227
757
667
7
370
698
1218
196
290
1158
378
5
361
544
545
1066
140
45
507
1188
355
916
749
487
532
862
683
1189
508
760
331
990
107
1214
162
468
143
1047
708
15
499
382
705
1067
79
1065
1103
59
124
668
167
820
461
779
678
241
1202
213
