19
4002
97
1725
6490
1701
4368
3756
11132
4352
555
2772
2798
4977
5748
4475
6504
8850
4398
9442
3961
7362
4880
3265
4059
1836
822
64
1527
941
2134
3350
5484
801
1911
4580
1494
6602
1853
7346
12022
7936
2154
6257
4160
7758
2591
10423
3070
1706
2315
3712
2986
2997
6698
7621
7232
12
4725
7353
6636
2820
199
7633
3772
4975
2606
5781
2999
2902
11976
8800
4379
5570
4396
7264
10514
22
6495
48
1863
573
10760
7837
10749
1039
9972
2314
7649
2887
9636
1212
7308
7402
9944
1327
1301
2723
7738
696
1776
3506
6977
6306
2040
1260
10079
2770
6639
8780
1124
421
3510
12029
4010
12804
2121
5839
10753
11329
3032
3981
4180
780
858
1213
4168
4072
36
988
4121
11922
1865
3982
5661
5071
2806
3250
4062
1809
1822
1340
10876
7090
6655
5527
7810
5916
2858
7736
2774
5662
3743
10
2272
885
2936
9629
1850
2865
8580
5843
4113
10378
1449
2362
5685
2330
11375
11183
3013
8444
11424
12644
2425
9270
5214
10808
406
4172
890
3550
8298
8708
8616
1293
1184
786
3368
9189
11178
8485
7029
4773
827
2407
10603
1406
7275
13322
12435
4693
3363
8259
3864
11425
6686
3796
13625
11598
11888
8010
5123
5919
10906
7927
14376
5623
10803
10882
9869
9068
785
1118
8172
1086
12128
5966
3415
1330
5725
4854
2658
11999
70
7434
385
13370
12110
7683
6436
3777
4838
2173
8390
320
14884
6449
12744
7572
3992
4421
12844
1515
119
6863
1897
6621
4896
14214
369
10772
7420
3352
3878
12073
10974
12355
7988
1415
25
11014
75
1028
15176
3428
1958
2995
3085
55
668
8263
1236
2546
12590
1834
1618
698
2763
6437
2921
14007
5974
11568
6813
3460
10240
9454
11280
6794
10897
8504
2327
9911
7315
3149
10967
5113
1351
1554
449
10323
10369
14962
149
5030
14992
14094
8923
3856
6538
11340
7421
8166
8198
1007
532
446
9193
2089
1856
179
8265
9104
8559
82
9275
793
78
7887
8371
9758
783
14330
440
13469
5139
11068
3209
1012
7532
13027
10364
15157
11125
11188
5825
9046
3471
3716
306
3137
10103
1581
11901
15431
13386
7077
349
1095
4735
7713
2433
7436
13052
14915
10823
10944
11151
4075
49
2735
14177
2745
1719
899
5231
4825
5361
324
6039
763
10677
10441
8470
9682
4070
10214
1344
10287
1608
2931
437
4515
7643
5309
7984
7856
9122
10730
109
7675
5138
6290
4076
47
10538
132
7478
103
2885
8878
9650
10927
4217
460
13479
12746
13932
6212
3399
11727
1365
4514
12627
8181
3086
1996
9178
1057
1556
14075
2436
954
11545
3213
4796
11239
11667
7646
6875
6959
3488
10771
8773
7210
982
6544
13544
615
1807
9943
6463
1734
4300
245
4709
6376
9054
13624
14552
2129
11124
45
2235
4870
72
8481
3559
12723
11017
9285
8686
2515
1737
11477
3285
13670
11751
10686
1676
2590
1364
7776
11715
4074
13509
5121
5798
13342
1875
1288
2239
3205
11821
6195
424
5664
4668
4308
915
6889
4827
9177
14078
5405
2608
2838
14488
8468
8942
13800
758
8090
167
674
1255
10556
8009
12725
778
2905
14843
4650
1951
718
3628
6950
7450
2822
670
12923
6611
7600
11979
8810
13310
8386
3
9748
10463
302
1454
6995
14819
12809
11612
7177
10341
523
11167
1120
7185
11185
4255
11401
4517
11916
4202
10297
1185
1668
1
187
11772
7066
10826
5686
7608
13266
11831
2062
274
281
223
506
3357
5349
3546
3299
3524
11675
10317
11505
8675
7952
1291
11003
2200
926
603
8762
9595
12350
2771
9973
4945
4531
309
595
2652
6012
8057
4390
4805
6658
2670
1622
13936
10656
6172
6470
11776
4277
7306
2765
11209
5793
4456
5401
2132
235
8777
6892
7812
10685
11485
4377
3171
5187
2743
13174
13437
4665
3449
3755
8950
3475
4781
203
4614
13731
7569
3466
7620
5729
3166
2364
8566
1385
7703
829
480
5382
1020
9160
9079
14829
57
5190
9856
5555
6402
3606
1579
16
768
4055
8024
467
4941
1062
7989
292
158
1699
3696
148
13460
819
13986
454
1868
4257
15138
298
8363
4782
2393
379
626
6635
1692
2339
9942
12012
12272
2578
7950
13785
14674
5296
2496
4081
8479
924
2495
3421
10110
9204
11508
7489
1113
3761
297
5017
8617
13341
2229
9683
11944
14127
2341
2558
340
410
12376
3882
2097
6079
1922
138
11695
6450
11260
7740
378
4561
871
5070
14700
986
6957
8975
828
1855
9961
7699
4478
8127
1398
7583
12935
5461
6455
7101
2948
5001
122
6710
7681
4598
9694
4213
5962
1928
9594
8523
6424
1952
4407
5890
1698
412
7752
2303
1549
1421
9665
641
338
9556
11117
3007
11129
8258
594
11790
708
3095
1854
4283
59
14104
8158
684
1596
13655
4474
10219
1969
12285
7599
1178
5883
12653
919
11439
1000
13858
12786
9215
7632
950
259
6557
150
8331
5342
9705
12067
3580
993
11651
7276
14492
4087
2787
4431
12945
671
13878
13833
356
7094
11966
11587
2369
8586
755
475
162
9351
4052
7163
251
14826
4955
5152
1833
1404
319
754
336
9624
15049
15199
4566
5578
6124
8595
7460
6812
453
9756
4993
329
949
4847
796
6534
9937
4306
12174
6168
12675
1943
4156
797
14313
7430
10766
11567
15526
672
10353
694
14159
2463
757
2979
14504
8356
2156
80
3004
882
8410
638
1763
7316
32
5285
2889
558
163
11088
515
7336
1269
10257
2422
2348
13158
8885
215
44
4966
726
839
10075
5654
932
6708
10301
3373
100
9781
7903
10272
1067
6516
470
11015
12178
7180
8639
951
14932
201
6387
14042
744
10060
4645
2093
14825
692
946
1006
13664
1201
6540
904
12987
10959
3703
10667
415
609
2133
7083
554
397
1005
922
353
8333
14349
11889
600
6966
1145
4378
1387
4705
818
8930
606
299
4732
3897
8
6481
12921
5904
772
452
7429
9026
14640
658
654
8564
10033
11303
8232
98
984
5232
3184
10215
974
67
8985
11407
3017
1101
8865
2953
921
7694
5380
808
2498
5617
4086
3158
104
1127
301
729
12428
897
9029
462
959
784
794
1629
113
4231
7124
1072
503
669
2219
4565
237
1171
748
8107
35
351
1654
367
331
4768
511
5134
12438
896
500
10031
1193
657
6837
4930
836
8818
1221
3548
766
940
1219
9859
1069
9326
2452
1128
321
1105
2335
12479
7241
15266
38
11446
1134
12336
4902
458
702
851
10654
1029
8239
313
197
1901
7790
927
403
958
10036
5631
54
838
2396
92
464
4811
7870
918
422
1200
269
208
12349
1048
11038
891
8347
287
374
709
6106
425
305
14061
663
315
789
807
995
4901
806
2410
166
759
358
639
270
1035
335
10914
680
619
590
127
151
339
189
429
115
976
7658
614
2567
1785
432
3938
140
886
7911
850
360
34
935
3398
278
5379
5028
631
11
3561
762
495
719
8254
372
243
184
11212
439
204
12166
933
354
234
146
6070
200
58
659
898
799
746
12352
578
165
535
106
13197
568
28
6353
497
840
3602
12464
337
9233
386
740
84
5598
1530
156
725
999
11900
1011
3445
8608
9426
576
389
352
775
853
1199
10791
485
282
963
791
647
76
565
842
12278
7245
61
894
7216
4318
699
2663
996
430
3649
910
1789
177
10923
404
90
706
522
543
1216
2958
418
830
1050
40
1079
2773
549
108
6868
11577
128
1578
589
9411
887
4083
1014
877
124
6249
1030
1156
679
1150
1059
1267
10966
42
629
623
769
18
311
154
756
569
864
5424
566
126
447
739
800
6
10609
745
928
442
660
501
661
484
981
27
682
1142
14546
120
6787
737
14
141
741
833
260
711
409
15338
777
182
8102
751
561
849
399
10640
327
9699
347
13286
1968
101
303
7437
1153
2085
920
855
147
81
493
11338
1166
450
714
564
139
7639
689
322
975
46
131
359
241
8631
591
5368
317
364
134
9195
837
7
909
135
1068
144
1096
8997
396
743
227
1036
983
116
443
686
498
85
12635
414
69
473
989
559
1075
376
1160
457
486
483
848
194
584
118
496
6171
192
355
186
712
15067
612
907
478
869
30
14052
145
1125
5546
451
198
8036
434
20
383
553
966
4230
520
384
43
11892
380
1170
912
368
441
12540
1064
12088
13483
407
283
123
1133
428
944
271
903
137
1097
604
14744
112
582
193
742
875
588
7775
1112
333
444
1107
9368
71
874
14158
489
143
87
257
13582
4624
136
4
12957
105
651
176
12131
11423
3589
616
248
219
957
216
289
505
552
253
178
1052
239
513
357
5
5388
481
94
687
52
107
31
602
173
445
190
9662
872
1168
371
402
343
21
902
332
195
325
341
607
60
330
4482
381
6394
233
217
196
459
509
10703
1923
1272
7170
906
391
888
168
205
673
212
9324
95
5941
1194
782
960
1152
96
11352
185
6982
393
1010
1003
667
188
655
10531
1110
776
2570
8956
816
878
724
291
77
26
643
1094
89
365
771
265
268
601
13
697
170
23
373
11229
276
62
4417
517
889
152
88
4822
2287
308
214
592
102
1077
377
677
1078
1034
24
41
346
334
6011
207
598
240
753
86
37
802
93
765
73
809
2890
10800
63
133
56
191
171
3461
83
5332
526
2049
1973
14221
14211
4610
835
4908
256
980
316
10942
206
2793
13388
6682
13523
14796
9300
4134
14669
8128
8999
12468
10788
1749
4905
344
3931
468
13819
581
8510
11139
13920
6375
9410
300
110
8609
3255
4642
13553
5040
14382
174
74
693
4626
10470
3336
6683
644
1424
3198
1016
7041
1001
1065
10751
471
908
10915
6560
7345
13847
10890
9774
7385
4581
625
392
11306
2971
2812
3053
17
10851
1009
11824
417
8163
540
9544
7358
238
4542
224
6423
10185
6826
2680
6975
8430
633
6751
2755
12663
382
213
8937
11159
8033
7753
8695
211
5255
3201
169
11883
5169
7491
6312
3148
1119
2956
8724
14432
11704
255
8301
6880
9460
8869
7329
8947
3866
8501
805
1143
3237
427
12240
65
9301
6115
10352
9775
5394
155
2307
12354
4807
13238
8934
11965
246
9880
5782
504
307
7766
8073
3749
366
314
9126
5849
2453
3031
10242
2163
12135
183
12339
3049
2549
992
2171
1847
6077
5455
3058
5874
2943
9399
9867
7280
3808
14073
33
10533
2613
111
1248
4281
10836
348
6442
12387
130
4278
13398
14689
10126
1309
3134
6728
585
10081
1061
12262
11279
4248
1693
2655
129
10164
1489
9685
10124
821
13057
13010
12124
11689
12574
7794
8895
2796
6204
7244
6697
5723
7022
2240
6160
10951
8896
12307
7697
9209
9
12228
12346
10574
6934
14772
12517
1287
12674
728
10326
3302
4706
1607
12004
2834
1779
11121
13012
6224
10466
1235
1207
2005
13382
9596
12168
1473
7754
9134
1858
1598
3075
12500
11376
5477
4919
1820
13476
2009
14846
10613
1478
1617
4499
13259
14114
9114
9977
11448
12476
8505
634
9630
11929
395
10145
1189
14928
3567
3718
8606
3720
14248
7815
1781
7289
646
68
4434
13839
8882
6324
4137
11144
13292
1240
15085
8151
10315
9634
12678
1197
10199
9019
4726
8788
53
12947
114
13457
11034
8829
4490
14029
3537
5517
524
1908
9777
5433
6917
7120
953
5335
5004
5961
2907
4225
12956
8303
272
2357
11343
5597
13208
5594
8683
13815
4748
7045
13336
6793
1214
9482
10165
2748
1843
14580
11320
2002
4700
7803
11848
5345
157
2821
7408
665
10545
5208
761
6716
14901
6019
1310
1400
700
4671
6811
15122
13211
3185
1747
11122
267
8967
9773
10419
1341
7242
12198
847
870
6142
13124
3656
2036
9199
9239
1186
884
5515
1169
12927
12963
14508
8385
4605
10519
9295
1306
2460
4455
10566
10366
3620
3112
12660
7506
6674
5651
400
3654
13865
12667
1612
5252
10058
5529
1647
792
13745
284
323
12011
7147
868
610
2432
9049
14954
10388
7278
722
10929
10501
3241
6162
11033
2022
2104
9495
225
15398
3096
8596
15584
13694
11488
10588
1283
1615
5371
844
13391
13979
2972
7374
1711
7160
6432
12565
228
4019
1490
1438
11081
12388
7448
12925
1972
5331
12679
12944
5478
854
4388
4315
10720
2358
4842
3515
3144
13894
3677
12284
3655
5016
10624
13185
3725
12144
11255
15426
13574
6468
7589
1769
790
12800
9307
12988
12853
11635
7791
12451
13432
9375
572
12040
7407
11325
1209
10746
6848
5400
1685
15524
8421
8438
9661
2592
9894
985
6270
6203
6274
8271
14299
11731
7081
14259
14632
10992
6840
13058
7838
13592
2594
2533
3617
14153
436
2647
2595
9668
2968
4071
4361
4890
6277
1694
5869
14916
8409
8029
1368
8306
10558
5418
14340
2456
7497
2409
11168
14782
2372
6229
210
6397
1426
3101
812
10752
3912
1788
10931
12810
12934
9597
15433
4738
6979
7228
3240
13708
2893
1640
13792
1585
7356
12155
3050
10396
10316
1762
7680
12290
8820
3214
6749
9795
3892
161
3359
12726
10893
3223
14856
1108
1195
2095
13455
8912
12913
3059
3354
13567
10288
1587
6328
13750
1571
10261
12817
10637
6706
9025
3346
12789
1179
1135
14854
2860
7537
11099
9930
7636
8789
5973
8729
1752
6946
6388
4194
2223
4143
1682
12856
11904
296
8096
12365
5633
12273
5088
262
7723
8901
312
7502
13339
12224
1780
15076
2301
6156
2947
5054
721
1613
3039
2957
529
5893
13165
7154
4956
91
13983
1505
9299
2871
79
290
4235
14178
4146
2190
635
11697
10779
14329
2952
8768
7710
6252
2056
14708
9703
3456
4014
12218
3885
3108
931
8838
7513
7539
2278
8757
7091
12413
7860
11380
13965
3879
12873
8640
8591
3018
824
7414
6726
12696
9740
2786
3710
5538
752
9310
5147
3684
1275
9440
13062
892
8633
13626
8340
13350
4082
10647
2270
7741
2169
222
14239
7268
11930
7651
1138
11344
15552
142
2107
11641
12373
14893
10837
12779
13434
15373
9349
7009
10479
5469
4845
1724
715
11249
645
15140
9167
4736
534
3071
10065
231
10512
1239
8255
6001
923
3925
13832
7037
3440
11210
749
8372
11556
9186
4282
3954
1872
695
7871
9198
1501
12353
7435
7048
6788
2572
5269
7712
4724
5278
12384
6736
455
2069
10284
14418
10180
3529
9830
9639
9376
3995
181
4596
860
10260
13981
703
10481
6088
1084
11958
1311
14386
649
13511
7372
5523
6785
587
15422
3056
15377
6891
11760
7325
10671
11783
2679
3652
3768
4437
10428
14428
11055
10569
5983
9579
7079
4591
1538
738
6838
66
10904
9060
9260
7560
5364
12650
11156
5176
11755
3052
1461
2554
1867
2417
541
512
9148
4157
5069
13605
11137
1132
401
3625
6850
1656
12524
1130
1844
12038
4494
3804
969
1324
731
4980
15296
2297
4413
8524
7202
250
1671
6825
4415
1962
3163
7031
13596
491
12920
121
14972
8562
6236
1953
1845
7136
13526
7410
13015
9038
8644
14348
13351
1091
8913
3731
7314
218
2602
13123
387
2909
12341
7389
7302
15153
1433
1548
5822
13424
701
10156
8367
7203
1954
10844
3874
13934
13639
29
117
5951
12887
7819
6434
1071
13439
10627
6148
3120
254
1472
841
13493
8383
12098
11850
9362
4661
2106
8422
3193
1471
13874
825
13961
9342
7751
1056
4761
263
7585
10510
6453
466
5050
12938
13889
593
5501
9991
13675
10619
7975
4325
10745
546
6474
15306
9072
1990
11118
8160
4652
4656
1964
1658
370
7928
6869
12946
1447
6082
9352
487
11501
6309
14213
4578
13603
2662
12440
5760
2020
1950
8652
4978
160
11440
834
9784
15645
586
3501
6807
6227
1021
153
12722
12018
4780
14803
13554
9211
3511
9520
967
10216
9541
14754
4910
11094
11634
6461
7113
10608
9625
2079
12704
12691
12632
7024
1662
846
2857
7010
8291
1650
4001
3991
9959
1485
2530
13912
10318
1444
361
3861
12465
6345
11504
9760
8834
12364
4907
15279
5658
1900
4502
7547
2815
7619
2903
14087
764
7798
9067
730
7546
6433
10217
2205
13324
10244
7365
11660
528
12220
2161
2086
13704
8971
9360
6500
8622
939
5412
405
1821
2944
10721
7789
4688
1054
9497
2065
12425
236
10577
7505
277
12730
14526
4314
8240
51
13423
13433
1265
7471
14540
710
8154
3479
2993
15048
7399
4684
5275
8080
3983
12777
3040
6692
4559
5444
175
9062
476
9652
15572
11745
1165
7582
14973
14277
11400
10092
14609
13348
9832
13121
8907
2255
8521
172
14547
11775
4445
1882
3577
15472
9358
2253
13628
15385
7949
11245
3103
10981
574
2689
12338
1423
11527
4018
13447
10044
8662
6126
525
11106
15408
10294
10142
2197
39
11456
11217
3958
14899
13176
6661
1569
221
1268
2933
3347
611
4918
2329
5090
11382
3651
3497
5324
5445
9514
7535
7792
599
13546
9653
1391
5784
13677
11652
1026
9379
14963
5588
2575
1445
9565
14746
6672
7265
2284
997
12522
2600
5327
991
3843
9958
2363
9739
1888
3766
3494
3507
2688
6752
8461
2634
13705
8714
8116
8399
1031
4473
11941
125
7996
4312
1164
507
15001
545
720
261
279
5177
1345
637
5448
9445
4628
2569
14449
11870
413
8238
9765
2534
10764
1799
8578
6157
10049
13503
4173
2464
3539
521
936
13666
14126
14812
2189
3607
11145
12757
8499
13545
7281
4917
1778
6391
10651
1013
5591
15267
8576
12393
11305
3147
12412
6265
9864
2184
2114
1388
7438
2257
11875
14250
2509
10839
9940
8247
3311
7320
14410
6026
750
15375
8939
12911
11362
1498
11363
502
13099
15014
947
11702
310
5580
9817
1643
5082
14912
7626
1616
10534
560
8460
2242
12587
4727
14225
9600
14026
3430
9168
8781
3066
14053
1730
7051
14830
3048
2263
1066
11087
11293
12581
13138
7324
1948
11934
3212
6656
12075
6400
13947
5649
8338
99
1320
6068
4821
11617
873
15315
12693
5792
9560
1393
11621
7194
2250
2048
1286
8880
852
1088
2395
6843
7274
8570
11288
11411
2666
12120
11000
8350
1063
1390
3244
9244
5701
7145
12334
3759
1496
859
1354
2769
14480
13147
12457
11872
8532
9457
5212
15314
13113
4483
11069
8051
11399
12063
2084
3623
10802
7809
5747
9321
9577
12399
1709
3877
10535
3967
3812
12503
14514
6506
3960
4266
13321
13853
8940
273
7720
8406
286
675
648
10917
5980
11143
13696
7340
9183
952
8739
8626
5750
11787
6482
881
8692
10487
2003
5027
14495
13128
2127
2234
1250
727
7807
516
14095
942
11994
2687
1083
3582
972
6685
14559
13307
15285
14961
662
11355
5990
4322
4317
2290
50
13293
7481
2719
8741
3867
13471
3688
5192
388
4753
7363
11284
3705
5609
13888
10783
4623
6304
12151
6804
13959
563
11974
8373
11276
14368
5409
15349
732
11570
3928
1046
11998
3074
12105
10149
14338
2471
8558
7963
12508
1904
14302
6662
1196
10910
5495
4174
8754
3281
5116
8374
11266
14543
2928
11062
15561
5396
11211
6302
10860
420
11308
12966
6263
202
10526
7552
3794
11187
2143
12431
7456
773
2597
14274
1202
10941
13881
5847
10264
861
4449
1967
7350
1621
8946
9390
7771
2923
13017
12790
11130
11782
11201
10106
7071
9876
499
10336
14802
10162
681
7638
6034
11379
4211
11458
1708
6305
14107
11205
14666
2562
7689
11270
2559
13599
3975
557
5766
14018
8537
10962
3100
7742
7018
4265
6066
11224
1361
7653
12084
1244
9648
11093
8500
1073
9077
2213
14243
814
249
10234
9889
2053
12293
15115
4336
2101
6421
5281
10179
4149
1912
2984
8318
9469
2125
7961
4694
1098
5068
15701
14108
12497
3418
13054
5480
8334
10991
4915
11540
1394
8484
2309
14219
2430
9948
8325
13323
6562
6130
3483
15029
7499
13221
10701
15430
11042
6485
2082
9291
14091
14426
8027
8403
6315
10038
7428
7484
5927
10436
5114
6858
10035
11750
6409
7902
15565
10170
2714
624
10277
2124
15091
1161
7103
4245
12279
613
6871
10731
9287
6634
10544
11119
12509
15511
3413
6625
7821
7334
10642
12249
2
798
14394
5164
10867
8699
13738
7167
1639
12111
4747
5483
8432
5045
11171
4627
7707
11405
4418
6337
10034
3472
4560
12702
13334
11443
15252
2273
2674
1957
567
13715
11825
6256
11640
7637
11175
1080
5995
15292
10708
8081
7644
10769
1636
1137
7369
3295
9610
4799
781
14314
3069
7650
1459
4863
7138
5055
3498
5373
13967
707
3156
14455
2371
2305
3553
1755
508
14656
14880
5791
10232
3234
1697
9687
2874
961
12030
6885
11476
9842
3545
11726
6430
10358
14874
9293
10078
2873
735
14790
5250
4592
5720
2059
8974
4809
3597
6622
10610
10757
2320
7561
3392
13126
12255
12214
2987
7854
1177
5197
8082
10618
275
4929
14694
15596
5156
9065
5653
9266
13954
8295
14777
14502
2058
2738
12866
4648
9738
8270
2742
4438
1024
7656
13490
7015
956
10222
11457
1049
7187
813
3579
14362
11611
7685
10206
15435
1663
6347
6572
438
1665
9119
6065
12190
6170
4440
6790
1099
13368
10016
5902
12448
5783
4532
9696
6179
15
9338
15489
7269
8292
10635
9378
2586
10683
2901
3719
1399
10571
408
9439
8001
13005
2356
6996
1998
433
548
7504
2313
1215
1744
12886
1023
14876
1276
1356
893
5064
14837
11619
10087
10755
5261
4176
1045
5029
3836
9806
8192
12647
3423
3312
3369
5321
11274
6122
9850
10828
6348
1783
7873
5039
11801
9176
5670
7335
3438
12989
11336
14168
3932
11827
9709
11833
13498
10930
15368
8867
12164
13014
1941
1106
1772
5072
8492
11655
12172
12708
4268
7615
3920
9022
13096
1885
8235
7985
7298
8332
14033
8138
12048
5806
10912
11643
962
7575
13788
10077
7894
1864
4760
2209
3405
7524
6732
3495
2925
10070
4898
10418
2359
11022
1430
7696
11383
13309
13261
362
11716
7347
9580
977
14511
13929
8702
10707
8618
4031
2289
3723
4513
15460
4946
12795
1441
5224
10485
14383
3406
630
13100
13706
14352
5058
5953
15640
2960
14821
1793
685
8743
11012
8382
8222
6046
13216
7642
15444
7769
10614
4138
15188
7483
14591
264
4343
4669
10784
15130
14564
12656
2032
13957
6939
11002
2316
13729
10032
5717
4411
8632
9519
4342
293
10862
4240
2747
3316
6045
6994
4770
14308
1813
12421
3269
2523
2244
3290
426
14631
5679
4534
973
363
9654
6321
9522
10818
10873
2275
8873
4849
2208
3552
13804
945
14881
13969
9306
8067
3685
13988
8482
12062
9045
11228
14474
4030
13290
7960
8744
1206
7781
10410
14439
14307
13000
11522
11157
7551
7463
474
14491
11710
11133
12520
1123
12306
7172
15642
12616
5386
10280
9425
2910
15447
10985
3695
4395
8784
12010
770
14614
2846
12210
3015
7049
3199
14230
10698
4258
15235
4185
10795
3891
1677
5034
5041
2145
11740
15054
9142
11975
14028
8262
3480
4420
14506
11467
15746
9235
4286
11515
8872
5304
15005
13757
4658
5228
1266
5816
11192
7586
3863
3647
13392
10767
14636
8412
8809
895
11629
10411
4503
6007
4921
285
12447
4794
6605
10319
622
10037
1881
9914
1465
6936
3014
6184
4716
448
13771
10181
1590
2288
2247
10283
15178
3697
12799
3517
14144
7234
11918
11857
5557
1439
1019
1589
11668
7517
8249
7924
3818
6396
9805
13966
2963
13692
2180
14209
5545
7976
6933
13301
1190
10383
12751
9585
8661
3113
244
10740
13184
12629
12879
4273
15518
2172
11880
15336
12118
6291
6059
11259
6948
10104
11404
6385
411
7411
9996
5357
12743
7378
3455
13717
10177
5842
4998
11096
536
294
14390
5911
9459
13470
3332
6910
1511
5914
1038
9298
8392
1182
8520
3203
13101
2538
7919
4615
3706
1041
3191
1513
14836
717
10300
2442
342
1002
14571
2185
12086
9902
6350
6606
1942
7184
547
14779
11170
10285
15766
8910
6527
5144
220
9259
9373
14452
8972
8627
9845
14977
10729
9933
14762
9467
6539
12752
2618
8924
6163
10561
12494
4370
2322
15365
4405
2777
15182
2308
9143
12143
12771
1695
1319
9256
9347
2785
11923
2512
8418
12101
15123
12362
2924
12579
917
3271
3780
5618
3391
11335
6741
8538
13475
14926
2685
6488
11462
1550
13597
4461
8397
937
6705
2896
15770
6379
11596
788
6942
5014
10443
2525
5426
11184
15043
10061
13371
4881
1795
2899
5092
10398
10821
1085
8960
10600
9819
1546
12773
13237
10050
3609
14294
15078
14016
9895
14497
6671
15156
4247
15255
10462
8358
1104
10437
13870
3190
9267
1791
2349
15301
2502
2640
12125
10507
14590
9240
4590
13061
1627
9816
10539
8064
14391
5488
8587
14513
1520
11953
12793
7135
1159
7895
8991
12405
9139
5209
3687
1114
15453
6459
862
2397
12337
11442
12250
4101
15289
7986
14341
9786
5482
6775
11942
9247
1469
3554
8835
8509
14601
15270
11345
6075
3742
15372
2577
3784
3793
461
11136
1417
5449
14146
11971
14427
10875
2649
7734
7982
7175
6237
5601
2894
10374
6768
11861
4552
15077
5407
803
11996
11191
1053
5882
5414
4196
10399
1173
12324
11459
12994
14660
4242
5146
2779
2677
4006
15688
6133
13886
3951
12814
691
8515
4512
15244
8709
8252
562
2203
9313
2373
12642
10754
1225
8915
11678
9384
9393
6367
3160
14778
7118
11614
8284
11464
11048
970
6081
10999
716
9831
13560
12516
9203
1326
1684
3365
11721
1891
5170
4662
5672
14050
7944
3970
2168
5201
12459
5166
12189
465
12878
350
7249
10404
1775
14035
9702
9254
14036
4527
14337
7206
12755
7259
1089
11090
4163
11408
5894
3435
7134
3880
11302
1455
8776
3791
5556
8108
3434
11227
3395
10182
8424
11323
9800
11060
5499
15639
8590
11805
3371
13315
12260
6223
6513
4909
15563
8534
6264
5743
6733
11679
3977
7342
11116
13769
10367
2243
3034
9534
232
4873
5314
12568
13794
2296
14668
10330
1933
5489
5922
6018
11114
5939
7046
6712
11773
627
767
15041
6295
1540
6810
2711
1582
4550
4104
8641
7462
14464
3170
1934
11026
13484
5699
13572
5751
6189
9071
13765
11938
11854
5514
242
14185
12160
3028
12664
13790
14753
2904
6750
3217
3640
5776
2181
7981
10197
9341
3349
11009
9166
5905
2479
9039
6569
13756
514
9962
8472
6727
416
5360
1555
6531
6216
13520
6644
6774
10756
12402
1115
6998
280
13585
713
3150
5960
15610
2147
1539
10296
571
15092
3182
14353
12072
10665
6303
7616
9632
7645
12805
15562
6386
8779
10807
11981
3180
9547
15593
11194
10314
6517
6529
10611
1995
10638
5472
13118
9458
9205
1037
14990
3568
14630
15547
9174
9006
1761
1336
4777
10693
12079
10995
10134
2932
7208
3264
5226
5607
14839
795
14207
11597
9787
9772
11390
2934
10204
4443
2183
1144
596
12057
736
6064
10628
1076
2355
12553
12909
1422
8841
1690
5317
5965
4389
8066
10090
3826
11366
13408
2929
13317
11248
832
9829
968
14572
570
7416
1231
4408
14006
10639
8894
2418
1087
8241
4353
13325
2144
4911
15165
3935
2098
2916
3630
15003
5823
2318
12919
7831
3273
13829
1058
1022
1522
2282
8467
13527
5656
5063
5049
866
10143
6953
6143
6371
10401
11688
12366
8842
10230
6116
14728
12833
7824
4367
3006
3341
8654
2930
810
9494
9549
14646
14190
14592
12356
469
8986
7869
883
3671
5534
1811
6912
1918
6016
12023
14059
12898
2216
4718
826
9561
5715
295
3795
8264
9470
14519
7452
14188
10815
1929
1898
7702
7784
15069
9043
328
14978
6909
8446
6049
3721
4874
5640
7178
12423
13108
3816
6591
3828
4960
13383
15346
12064
6764
14989
11871
3841
6657
3162
2819
5753
10321
15722
15475
7604
8224
5622
5553
13412
8599
3976
14417
4404
8722
2561
6630
11903
3674
15676
10368
4304
3243
12532
5289
6773
12061
8507
12303
11153
247
390
15535
1411
12230
4895
13540
7105
3002
14430
479
9201
9094
10471
11808
11277
3437
9385
8304
14536
7994
6511
1628
7386
3333
3566
4040
8207
7676
2439
12504
11558
12756
7997
15297
10835
9124
11560
15438
3487
2159
13374
13247
14920
10113
2935
6799
13699
5787
7095
15052
2553
4013
10831
11377
7825
13532
4057
2023
13770
4824
5189
12671
9770
2487
14366
14238
12600
2841
13003
11891
11478
15239
652
5801
10286
1397
12803
12267
14679
8370
9386
10954
9453
6588
13848
11533
2385
4346
9394
7743
6507
8369
10979
6181
8856
14325
10972
1722
2996
9971
10370
15618
8688
3587
8698
11273
11804
2882
4877
1371
326
12270
4041
3474
10496
5271
10338
2560
11758
10798
10870
8526
4813
15126
14261
8727
8366
1018
2709
15525
4219
14447
4830
1074
12099
5579
4586
6349
3542
12545
1300
6153
9743
6725
5299
5892
1418
10362
13989
10456
2391
15237
11915
12244
11176
14172
8346
11447
6693
11603
14774
3717
8506
6465
8046
11781
5347
4498
11615
11590
4808
11694
8650
6650
10697
2872
6431
5657
4433
2829
7354
6681
2105
705
1688
2108
9155
13905
5404
13807
5718
3394
10554
11304
10590
9009
4200
4968
8204
12736
13346
3011
8152
4657
435
10759
10502
1759
6822
2126
10987
13378
9591
15246
5051
3131
14472
10504
11552
10495
1109
13654
5908
3196
6952
3457
7082
10960
6944
8525
8442
7391
2102
3875
8297
10943
14074
10227
13880
11511
4579
10375
1655
14441
15173
9061
2068
5464
2789
12533
13864
4759
3536
12094
1357
15446
3872
8288
6080
10898
5102
2013
14576
6748
8078
4066
2707
4051
1497
1721
1232
15320
5614
3974
10866
11591
14950
11247
13917
13707
3091
1674
7153
723
6786
12759
8018
3634
3270
7050
9592
209
7722
11410
1103
11706
15624
1605
13803
5498
15322
14263
5142
13780
5120
15152
6071
5290
258
13944
10394
14979
12469
8281
640
10003
4707
2044
1176
9927
4943
5122
1937
3729
11663
2506
2423
1840
10781
15591
13821
15515
6981
7592
14484
6932
8561
1122
13440
11819
3186
14060
9407
14941
9238
2076
13741
14834
9590
15595
1757
5796
2406
7882
12640
3528
9377
843
8326
3565
10306
14129
527
2642
608
14048
7847
11431
4999
12371
14405
14295
10085
8533
10789
5476
4924
12783
1181
7559
15504
10775
6137
10448
6846
10391
15026
5671
10840
1915
3465
3865
4069
8775
3276
9820
3586
6097
13403
14389
987
2698
11391
13379
518
15804
8703
9491
8085
12612
13644
9791
1890
13872
13036
7225
579
1208
11107
7724
11842
10949
3535
3140
2587
5610
7087
12429
15133
2343
7062
2940
14909
15706
6477
3102
3713
7855
1736
2346
2641
6613
15068
3847
9631
12498
14745
10621
11149
12630
6643
12893
2524
9969
11957
15491
10863
472
13497
2176
8289
15718
3513
1635
1167
3835
11624
8193
2351
13354
8848
10123
12619
9512
3573
2975
3806
5567
3900
1492
7231
7888
15782
1529
2767
2825
14176
6322
12330
8884
14009
1148
14844
2157
12764
6778
14577
5620
971
3499
11278
12761
4504
12609
15018
5881
2445
8293
15557
15517
7239
10475
7156
14726
9505
12507
11316
1205
9535
6146
7946
4472
1691
1434
1452
15081
2411
14999
10431
4875
1163
8310
5242
7215
13910
164
11453
6364
3023
15605
7293
9336
6771
9822
14345
1884
6882
12311
3802
9335
14698
13836
865
8185
2379
11529
3608
10741
5195
3429
4020
9152
11995
226
13818
13904
15404
2375
180
1507
14605
11752
5639
13078
6665
15248
6847
13034
12796
13691
9452
4015
5873
9855
14921
1830
10902
4140
11230
12021
7445
4803
688
2128
7400
15253
11496
15571
10969
4595
6089
6515
15457
2279
4205
12197
11845
7629
12985
3788
8503
13041
6567
13114
15801
11441
10176
2384
6844
1600
5389
632
7263
4741
7192
4484
9040
7647
12728
11054
12828
7014
7006
1284
12924
11098
15233
5549
10782
15059
1614
2004
1588
15201
9016
15643
11475
2582
14241
13273
15621
7933
13898
10076
2455
5175
9517
11866
7040
7945
6947
7861
6035
4364
6280
9480
5481
6360
15720
14202
1895
13347
8115
8004
556
10200
4328
15007
8945
1117
5140
9151
8188
11369
12302
14910
3984
14891
13173
5526
15675
10527
551
15024
2842
14407
9593
7662
2404
8314
10900
3997
2317
5470
900
8579
13631
12555
14305
11893
1913
2571
10673
11686
9614
6211
5305
10903
13669
2877
1733
9187
6821
13407
3232
9797
9540
8316
11059
11550
15707
345
4857
3934
1303
14610
15667
4044
252
9437
15724
1043
3320
2750
3901
15102
9421
8713
12309
9503
5211
2809
15522
2504
9070
3619
3175
3670
14645
8544
12432
4027
13258
9388
4772
15802
1999
3711
15728
11115
10584
11195
1673
10688
11600
4659
13215
10403
12699
15622
1686
14608
1278
2661
12416
5165
1263
10976
13044
14121
11507
14563
15513
8012
9315
10940
2607
10424
2835
13188
5749
15232
12427
9319
9318
12939
636
15097
3129
678
13530
13982
11952
4965
1710
3287
5562
4021
5867
14385
11180
7367
3531
14402
14041
7574
11964
8194
2741
9088
9725
597
2073
10543
13938
10935
12114
1790
9086
6499
1325
2331
8440
3047
15112
1620
14387
11928
9695
2519
4091
7063
15719
6900
6390
3065
10243
7168
14570
3715
9490
15585
15380
3621
15792
9660
8819
12055
13518
5117
14855
6832
11720
3613
14339
4126
4036
8076
15161
8733
12689
9879
14624
2225
14875
11381
6069
11830
14638
1841
1828
4313
15448
6288
2492
7220
9278
7947
4167
12076
14010
8638
5288
8495
13580
9158
12780
7161
5677
13462
2583
10829
8517
1660
7772
1533
938
4500
4093
5410
14869
12288
8919
14400
11826
10817
8535
3178
9258
11677
7573
12058
12276
10335
423
13962
12106
11468
6691
3036
7777
6856
2766
9294
6031
8604
1675
8705
10871
4584
10477
5047
7938
6058
6343
10361
3994
14367
1116
6546
14335
10071
7842
8146
1563
5223
3210
8376
5363
11648
14311
1965
10559
11031
13689
3330
15677
10093
15169
7865
5785
11001
2697
8042
1316
11855
14887
9311
15400
6062
11169
3436
10133
10676
13814
9645
7571
3288
12391
9034
4103
2214
4292
3114
6429
6574
3614
2135
12936
15748
7189
6669
5059
7728
3176
5274
13805
12261
6518
8165
8328
12967
6289
10238
11207
11835
12952
7920
9320
15051
7422
15556
7635
14594
9899
12544
6853
8527
15699
9670
14200
1436
13678
13140
5434
13997
10620
14406
11138
10095
11334
5841
9771
3532
14870
8114
5183
14596
11878
10846
13004
10236
6005
9253
6777
1742
11572
7233
10405
8879
1930
4486
15391
11077
2256
15590
12477
9673
1467
2581
14589
13167
7778
7827
2878
6091
3322
15539
9372
12370
13352
13250
14147
4162
8474
3750
13500
8415
3216
905
11233
8452
7070
7379
9227
9348
15690
3215
10229
10989
7286
11428
12501
14710
12578
2403
7246
11495
1583
3611
7692
1705
1565
15104
10008
10517
7686
4251
3027
8171
6873
6185
7447
12770
8153
10737
12394
3678
5273
7115
5207
1493
11633
6338
3840
7526
15139
12623
3588
14545
12538
6271
8886
12027
5665
9789
4865
3218
4887
13489
4961
11743
6217
7898
6117
15508
13083
8916
1651
8400
8691
6597
12455
14459
3770
8799
7092
3468
8465
12316
10444
11036
10112
12863
14838
2267
7321
8176
13524
14289
11422
14975
13253
2721
11575
11847
2148
12482
1531
11432
8480
14682
3505
4116
10371
2650
12109
12794
12304
8101
6584
12463
8665
5757
13175
14085
11806
15387
6759
1322
11526
11555
2969
7695
1155
4099
3803
13127
10196
13506
2518
4259
1924
2075
7311
12461
5821
9750
10339
5692
4636
10736
6660
15075
6017
10653
5287
5976
11105
13617
6145
7088
11512
1630
14251
15473
2782
4567
3709
12933
13778
7593
7080
5697
2612
9057
3811
13588
8184
15181
3119
3730
7799
8091
9112
11809
2610
15294
9558
4719
15023
14919
13973
5115
15000
9782
5952
3482
7862
3000
12318
15560
3886
7814
11085
8814
9237
8248
8751
15158
9649
2978
5419
9808
8655
6154
10241
10696
14643
2879
13522
15573
11576
9932
2160
13885
8977
13602
1047
14949
14781
7139
2021
4294
14055
2462
15071
12263
4447
15341
9147
14587
6721
10045
12558
3939
12858
8728
11673
15771
6331
11538
11759
1273
3189
14557
6938
3496
14734
8568
13038
1504
9866
3914
10382
10920
6512
14360
5985
6480
533
5807
12861
8145
1044
13977
7995
11631
14272
4899
8983
14588
15760
5091
12710
2016
5346
15797
14555
11589
9516
4373
14902
10528
7322
2175
7914
13069
13308
10445
13459
3862
9559
13933
2030
3130
12782
10675
13361
1442
3919
12594
2170
11142
9853
15684
11795
13781
11275
3707
8840
8735
5431
15752
10011
2807
3207
456
11951
4195
4788
9586
13182
9036
14203
5205
15149
14162
14911
14493
10457
4127
12211
9243
4947
3986
8273
14106
6631
5885
2414
9824
6852
7663
5087
9222
4969
2584
5352
12430
9711
4958
6523
14292
12207
3578
7625
9862
10084
12673
3235
1389
7768
6816
10086
5509
2266
8388
7140
5713
9118
9202
3702
12550
11474
5711
7964
13690
9584
1886
7038
1557
14951
4856
12645
8454
11536
2368
11838
9920
15082
2276
15209
11742
10189
9121
2579
6876
7956
10687
6828
5391
5112
12357
14725
1559
14840
4973
1877
10069
12525
7035
3211
13528
3701
13782
6767
11853
6583
10576
3514
2800
14465
14279
6192
3694
13974
1669
3081
14507
15009
5377
13823
12641
4795
15328
7717
11699
6915
11455
10413
12820
7968
3382
11691
4739
7877
9264
13593
4492
11729
3407
6849
11111
3057
11767
1572
11788
3444
11604
6009
5100
9435
8420
4509
11593
12113
11368
4535
8393
5005
14567
13739
12932
3898
2950
2188
7387
4467
12754
10309
15440
14872
7250
4374
10331
2756
6573
6010
15429
11346
1804
15277
4701
11763
11197
10968
2374
1211
8268
10129
3837
3224
6175
6616
10513
4687
15162
7601
6920
7876
7527
7496
1738
1831
3367
7530
8619
6589
2918
8122
13454
5497
5443
1949
13073
2915
14885
5206
9005
5778
7021
2146
6914
7412
7097
8528
1183
7000
5988
7901
9288
6997
10503
12283
11052
7700
11354
12606
6820
7112
12830
12570
14440
12542
15638
9001
2233
15689
8726
13909
13162
9681
12460
6896
1670
15757
15236
3854
15601
9089
9546
6454
13866
6486
8043
6301
11945
15145
10933
3443
6563
13899
13066
8245
14896
6451
14503
4506
5009
6983
11525
14089
15207
11046
9785
4612
1723
1866
9304
11803
2684
13925
8816
10732
5032
11817
13223
12082
10155
4871
14365
11016
8084
4403
5861
8210
5052
12042
7283
13421
2194
15010
8223
7987
12767
14183
2875
3562
14022
3227
9492
7047
6687
2047
9638
5928
8845
11154
11978
12825
1792
12791
12864
14868
13568
6006
3849
7193
4557
15407
5487
7162
10971
12954
6890
2927
10275
7848
1861
5077
7922
9796
3239
10014
1458
15791
9422
3493
3291
3753
14971
12806
4699
1586
7788
1672
10491
15810
2224
14720
9710
5763
5073
6969
10407
9762
11208
13306
14479
4742
9451
3054
8680
15436
2550
11676
10421
10048
1323
2326
8763
7584
3823
4154
14288
9863
10617
12519
11789
12227
13075
10889
8964
14133
11067
12231
15238
15245
11950
12444
13737
7915
13960
10714
15042
14539
1321
13508
14534
5196
10770
1203
7925
5540
10152
14110
5370
14023
3962
9719
12020
8601
4613
14327
1944
13793
11461
8637
13663
7396
7392
10299
10023
5229
747
13875
230
11258
8175
7388
9044
15478
9093
15647
11196
14833
537
5897
4236
9371
621
4563
6029
15463
4679
5544
15586
4043
7836
2847
13104
14300
11348
3168
2451
7132
12502
4221
2832
13349
14853
13362
6313
2376
5764
13153
13662
2389
13703
9455
13838
10857
14233
14933
7605
4334
8034
14082
3481
10763
2657
4932
9922
7262
11816
7221
12620
2985
3154
7207
7406
12400
11768
14306
5279
4096
15073
10406
15264
10312
15276
10659
8307
12772
10349
4381
8909
8605
12195
6558
14363
8659
15094
10631
13883
15487
5596
15698
4940
15224
14273
5587
12156
4068
14392
10505
4775
1376
3061
6186
7417
11986
14049
11963
779
11213
13109
4991
4587
3679
3760
5708
8433
11554
5249
13680
15581
9642
11562
15502
10202
11374
14704
9096
3275
13955
3527
11896
9851
6355
7641
9726
11620
6663
4327
3936
7719
11427
9883
8105
4852
9721
8237
5918
15484
9993
6711
11020
14827
1577
7627
9821
9984
8129
12970
6475
11011
7030
9844
3541
4771
2973
6801
9228
10125
3409
11698
2390
1392
4837
11510
10623
13877
6854
11108
11349
10601
1383
1129
13103
6456
6911
5929
2241
11018
14905
2196
6197
7744
14730
14814
15180
14680
15583
7240
13206
3300
12397
12959
15695
9917
13698
9934
9391
10557
14637
13463
1794
13107
11557
10097
13473
8961
7394
3839
10473
13481
10952
4106
13882
13193
12162
15159
10804
12407
14003
7672
9946
10602
3771
5416
4274
664
14768
11434
14025
13232
5910
1139
13205
10525
1810
7028
1920
10293
4332
5789
2416
6839
5145
8811
7238
7295
3733
3174
3807
13281
9164
7130
14435
11051
15679
15216
9365
1521
10594
10480
3233
6055
10025
9363
4125
2187
15386
14527
1760
11777
9764
3364
8217
13538
12277
15324
2510
14498
7282
15731
2476
13318
7012
13035
3183
550
8139
2639
14993
15155
5907
15541
7834
12535
4925
14558
4469
8426
14011
12175
14695
6931
13282
13467
12449
6149
8715
6399
8450
12845
15131
9570
13901
3767
3650
8068
8110
10715
13584
12209
12089
6357
4166
4144
7409
9935
5560
7519
15465
2751
14438
2955
6159
5129
15132
14651
2686
1832
15119
6819
3645
3179
8830
4964
4117
6052
12962
9671
2593
9312
4904
11569
4864
12826
9246
1466
9389
8075
6363
15644
11163
4252
10430
5143
12991
13924
5887
1945
11356
5889
6514
11856
7759
1683
6972
1495
7655
5518
8995
1093
13665
6374
4787
12100
1909
12968
13063
10291
9938
2300
4439
4170
13072
10221
2092
3337
3842
9208
12282
1994
2232
13636
5505
4894
12152
2202
14959
2091
7823
10681
2260
9655
2499
11409
15727
2324
4729
398
13314
14960
3231
8231
2236
3397
12901
9020
14081
15295
3635
2886
4737
14204
4287
14659
9531
7352
9527
13275
8790
6667
15343
2775
15778
7164
6183
3321
12411
5856
13795
5408
10074
8748
7055
5632
10911
5336
14702
11021
6466
15767
7953
11290
12903
13385
6161
8157
4523
6057
10691
10913
13409
6744
9405
3989
12305
12902
13427
2245
14937
6076
5467
8028
2814
2627
12071
1917
15284
14573
7442
5245
11417
4840
6244
5402
11899
3042
15785
9261
12774
10848
1004
10516
5984
13131
3414
5646
11307
9658
5900
2217
10120
6131
3408
11035
3403
14712
15307
15035
11564
6600
6713
12760
4359
12002
9983
14574
5344
1427
11226
6098
6464
3088
2598
1910
15175
13992
12654
5860
12784
12829
6745
15807
5076
10250
13226
8545
3089
6199
11037
15755
7248
6446
4191
15120
11908
4632
15394
8761
10581
14347
7652
3948
15772
7840
8179
5921
2526
11236
13709
12998
1926
5153
8344
3447
4750
9229
15311
12478
10901
12121
12424
8694
5333
8161
1576
13510
13067
8389
15474
6155
10458
3097
6737
12763
3669
9945
10022
948
13502
5375
9162
7011
5977
2043
9409
6462
13353
2983
8600
8455
14501
10596
14069
1602
4042
9474
14917
10328
1824
2704
11818
1409
9929
3462
14952
10980
14057
2603
15148
2467
8260
10990
11723
13425
8932
3117
14322
3104
8684
5021
12659
5024
11013
2024
8471
13134
5110
7755
10819
6339
9218
4676
7979
11237
8719
15137
6919
13122
15611
3560
8276
8676
10354
8518
11659
7148
11627
11064
9003
5506
11637
10046
7622
9567
3145
4206
3452
12486
11314
1566
3308
12735
1055
12849
2054
9279
12891
15425
13142
3894
6260
6781
9113
2494
15015
9216
10295
7711
10573
15390
1296
12514
2678
5830
11528
3077
14788
9843
9900
11265
8508
10827
4110
13548
994
1751
4164
10088
11365
5329
4872
11701
1754
10426
1812
12577
12297
9647
6894
2760
8793
2635
3859
7110
1561
13302
15168
10476
2609
2367
3029
4505
9960
3998
5083
2596
15637
11832
7431
9397
2483
6209
7897
15582
13032
12633
12153
9501
13648
3639
7845
6342
8935
9339
1359
9340
10776
11272
10509
15784
6968
8279
10562
13181
3167
7671
12515
5667
7923
8443
2083
6051
14303
15008
15762
6412
1149
5819
4933
9225
13791
4848
7851
3045
13070
5238
13345
7122
8951
13474
8701
11724
12684
15231
3125
9643
6526
15614
4858
8063
9827
11333
14371
3789
8387
2831
11193
5225
11730
10096
9314
15609
4745
3225
12597
1874
1463
4169
14882
4695
12165
10511
4324
6519
11728
2319
12707
7486
3459
10057
2347
12319
9521
6087
13999
6715
7183
12392
10248
3370
6723
3010
13199
10658
14500
8772
4582
15121
1298
5149
2861
4000
5853
8758
4622
8011
965
4869
9823
6601
13519
12996
990
7536
15364
5294
2398
13178
15803
13311
15040
7098
8459
10198
4155
11470
7473
12372
14518
10605
5948
12245
11497
8922
13381
11214
5163
14860
6329
12379
3356
3076
9615
3177
3947
5322
5901
4734
13755
5393
14913
7905
13743
9419
14625
10500
3923
15363
10292
15287
2352
12888
10409
10765
7155
13291
4111
11388
2703
9302
8560
13646
9664
4147
12518
628
6113
4385
8156
12662
14824
15691
2195
14084
6879
15544
6213
15693
6961
8230
4588
15661
14550
1481
2541
13651
14544
15061
11732
14808
14832
11301
8645
4079
2505
1595
15454
2237
11784
15641
3798
14109
7762
8417
8483
11779
5182
9941
13355
13048
4758
4518
3491
3959
14783
13024
2951
4139
1931
13507
5857
1180
11140
9408
4959
13976
14922
2740
3315
14714
5257
14315
11291
10091
6730
1634
15038
7487
2394
8753
15179
13060
10101
4774
10290
3659
3441
4606
8458
9635
11203
13777
7064
3458
5878
3345
13970
5447
12229
12848
8911
4601
7667
4260
10107
7884
13171
14235
5485
12154
15278
4916
13589
7698
13299
12323
2620
4182
11749
15532
9157
4604
13183
12801
9678
15066
10360
11927
12539
1277
4383
13466
6253
4698
11947
8120
7273
12557
2801
15058
2265
15704
8887
12622
12474
4585
15599
733
14948
13552
15633
8220
7603
8736
10724
8672
14862
5033
10816
9170
9015
5684
5575
6120
14890
13516
15506
5926
6522
1638
12117
3520
12222
13923
5695
7610
9274
10083
6594
6502
3800
7418
6190
1542
13442
1580
5387
14842
9136
12816
15151
7660
13389
2503
10727
6251
14586
14575
1174
10183
5660
5210
2585
10994
4703
4387
1666
9763
14489
1846
15777
14227
4835
10267
7159
11547
7879
8511
9982
6642
12187
1980
12347
12958
8755
2262
1735
13045
11244
9529
6164
4562
14210
9484
3338
5300
13594
3726
15339
11061
3714
10434
12997
3082
14617
13132
14086
3933
11524
2461
8137
4633
10442
10604
13783
13612
10922
3584
8486
575
9018
11043
15405
5998
13326
9963
5268
4549
9908
8987
11786
5790
2514
13023
10282
15717
11884
12564
11023
7867
11902
11931
1358
14603
9583
6041
1935
12562
9744
3870
8186
1645
7218
14080
11887
7581
9108
4637
15455
15574
10592
9545
2922
12807
11056
4198
6782
3157
1477
10153
10422
10263
7678
1961
9063
8462
1136
4115
15594
15053
7640
8516
14859
12329
12436
8785
4487
4095
8164
11549
8649
15678
10220
13499
10794
9017
3544
9483
14755
9430
9893
8653
15800
1403
3450
11840
14940
14516
13684
656
9724
2342
13224
6740
11257
12554
2060
7243
9052
14770
12648
8487
10629
9684
15215
11384
9761
7521
3868
7906
2292
13312
4480
11235
14816
4692
15103
10565
4124
13613
12711
13177
2855
12821
11580
8162
8791
2631
6233
2480
8643
5895
3571
3653
6796
7465
9398
12091
11044
14186
3855
9465
10467
11326
9741
12170
12781
15004
15141
15634
4410
7726
6067
11141
10351
6651
13566
15064
5756
15501
2938
1279
3598
7554
13271
3417
10655
4962
3980
4631
9224
5666
14531
11465
6427
6861
6580
13210
10864
12626
7701
8807
14141
10585
8097
9082
10450
15490
9792
3969
653
11049
4639
5266
14124
5369
9196
9069
14194
11489
15205
5613
14866
13640
13521
13159
2614
2970
5746
11251
1876
6760
11793
5812
5084
5786
10780
1502
5413
4409
7684
13071
5767
3446
4108
6581
11028
14696
4436
5930
9095
14644
6734
7934
3618
14703
8752
14117
11471
9206
4501
12628
4427
3648
6254
9768
5428
867
9369
14369
8889
1939
12205
5504
3463
12948
8398
12157
2338
9588
9967
11594
10945
2221
8094
6393
12467
2568
14687
9002
12843
14835
4009
12692
7557
13724
10001
11578
8327
13615
3393
10313
2017
15793
12975
13830
12188
13859
10877
13958
11588
10109
6508
11926
11452
8342
12225
9913
8660
15546
14477
7277
12709
5435
11398
13766
13937
5533
5987
7503
9693
9478
1462
14453
15194
4089
2746
13913
10953
7149
14450
14079
12034
8093
5323
4680
13170
15271
6473
2761
14220
6084
12741
4088
7545
6038
4261
2759
10589
13161
1484
7036
11948
9090
14697
3636
9716
7991
7937
8219
5652
12827
12028
12931
2269
12403
11599
10117
2431
15166
979
11313
14408
11389
5543
9980
4876
6722
2912
7415
12033
12398
5600
15754
2212
9357
10812
9846
12563
1282
8315
4829
2630
3331
2046
14112
5603
6738
14244
12475
14237
14350
1222
10936
1410
6614
4861
2778
10938
12221
6335
2967
7780
4996
10926
13744
11327
13400
9132
14149
6235
13852
8466
13884
5582
4386
10208
15603
11339
15114
14681
6596
9986
4702
11630
14342
3355
10739
3930
11261
11063
9432
13808
13887
14354
6878
10555
11662
4029
2981
1667
14848
4833
14257
2295
7747
1486
8529
14877
14858
11647
1689
11738
2381
4481
12092
1191
15669
1262
15788
8647
12102
14370
7004
9028
13264
8019
5378
2508
6083
5682
15415
8453
15428
8053
9573
10591
8519
4329
6587
10449
3165
13387
9188
9182
5107
7596
15406
14396
3596
2344
5227
1017
10132
7907
5244
11714
9120
12059
14894
14537
5420
14512
13496
6336
1835
7327
11747
7828
1332
5311
13449
13930
9337
15128
8696
6897
4045
5604
10047
9207
9891
6980
7067
10184
13577
10042
5286
13876
12527
14765
2039
10728
6418
12069
8994
5048
7165
8851
3099
6358
10805
6902
15570
4323
14285
12443
6702
6003
13659
4228
3268
13730
2531
3910
6916
7482
13732
7959
12611
12254
8227
14444
12589
2031
6907
1817
12631
15668
12877
6805
2291
8045
6862
11523
14316
9783
3963
6316
8664
4828
11416
10834
10747
7338
9102
5906
2078
12976
15659
7003
2055
14161
7785
15072
8203
13201
8079
14260
11317
4284
15497
3079
1678
9533
2895
3833
2897
14027
4375
6332
10007
11864
9133
2713
13492
2880
666
9818
12511
9907
5576
7549
10710
3181
5179
1261
4012
7432
2795
14955
15376
5777
8309
10925
12643
10793
15712
5403
12724
4193
15142
11774
12070
7398
9395
2405
10004
14924
7490
14532
6729
2112
11412
9676
13047
10262
11134
15734
13179
15499
5994
11815
7531
6230
8556
2737
3116
6735
1187
8059
4218
8636
12001
11791
8868
9290
7501
6096
15759
4762
12941
2660
3248
9354
2360
1292
9881
14463
10122
2361
15683
13053
2151
13687
5877
6524
13415
1051
7413
9382
11579
13619
6452
6598
8817
6201
12493
8431
3063
6341
10722
6225
9563
4358
5732
2599
1970
12582
8149
13430
3838
1259
12862
11654
15317
13008
14284
12310
12317
10965
14522
9747
6926
8992
12657
10814
6528
5516
3662
8540
4135
7285
10861
12802
8261
7026
8737
15673
2080
9493
15625
5155
4058
3257
13797
3764
4804
13022
8021
6435
3424
14157
1380
9056
9268
7786
14976
7568
14431
13406
7833
2653
10825
1523
3551
14413
14801
10583
13980
14671
11810
5854
3342
2959
11778
15037
12838
5659
11943
13902
11737
11238
5520
14684
4746
6373
1644
1126
12495
5521
4446
5752
10886
14099
5739
4963
12180
10885
14943
2383
10178
9847
15758
13265
9265
4889
4402
9706
14068
14134
11696
6624
3419
5233
2536
14970
15477
10801
11493
15396
11082
13021
4583
6571
8294
8657
15348
1140
1819
15414
3601
13025
7236
9714
12235
4460
11502
1535
14421
7343
6056
5465
2437
14556
5808
14179
15626
11670
2162
2710
6747
3610
13587
6930
3666
13091
5896
12613
2392
15646
14517
1121
5530
5880
6629
1986
12147
7657
2064
14787
10850
15027
7137
15251
7858
10386
14524
8111
577
2400
9622
3329
1829
13448
3558
4776
6510
5577
6537
4674
14686
5384
1946
5200
7114
8749
1249
1826
12414
7839
15393
2478
7357
6381
8957
14815
11719
14199
8963
6766
3309
6147
13097
9502
5687
11992
1715
15432
9309
7173
13166
14757
3896
14364
11097
14670
14351
3249
13581
4468
4269
12651
9646
419
12146
15309
7382
15111
15274
13372
5650
12472
5655
2419
14733
8693
6112
8513
9374
9053
8098
5188
1552
15100
2365
1703
4065
3351
10579
12937
8003
10868
4983
4935
9436
3820
3051
6422
14795
1082
3267
8296
11661
4414
11309
4712
3686
12584
9059
13202
10699
12450
14809
10735
13897
7779
2683
14401
2336
1989
13900
8648
2486
11741
9810
6628
7765
2468
9471
4681
9928
4769
8933
13845
8624
7472
8208
12940
12688
15096
7971
10532
5581
3105
2712
6484
3904
10259
5437
7300
5731
10948
7617
6640
15218
3668
9825
11962
11131
12718
10626
11879
13456
14804
7141
12499
8863
6378
2258
3055
5800
15739
6365
10043
11243
2115
15208
10400
15745
10186
2914
15206
9916
13618
14672
9356
5554
10051
1271
5680
11499
13007
288
11539
8625
10843
5592
4454
11939
8225
13236
3682
9550
3202
4141
7426
7013
11897
9815
13539
4335
11297
4291
4892
4171
1609
10340
10937
8375
9180
4786
9886
4766
3106
11109
8685
9242
2676
4442
15648
2837
11342
4982
9898
9153
13822
14001
15714
13088
6108
4344
15210
15379
14756
10705
14184
12395
13413
5714
6999
1131
10059
9627
5834
3830
9149
8621
10486
9100
11250
11104
10380
13156
3222
11581
2427
4212
6014
9161
13623
15743
9752
13576
8041
2130
9885
12129
2323
13835
15134
6718
12300
4435
8646
10643
14521
11949
2167
12768
10461
8825
14150
12732
7027
9525
12401
8408
5417
8706
15615
9023
11907
14494
14906
3325
7679
774
14301
8030
9344
15243
5710
11045
13246
8441
4607
10551
811
15234
5043
4625
2193
13907
15025
10748
13935
12910
13380
2366
3829
6460
1756
2884
12841
6755
3801
14627
9663
8721
7449
2576
9297
9500
15060
10265
11885
2700
12134
3549
14865
14742
10150
2791
12918
3895
5595
1849
11433
2252
9021
12929
5315
15564
3469
12445
11769
5254
6991
1218
14958
3038
5769
10305
7142
9441
11199
8858
1302
4597
11924
5937
9350
2137
4275
5062
2681
15327
7826
2014
14929
9083
15796
14857
11746
15747
13376
5247
14462
11282
7116
10982
13120
10308
9184
13975
12567
8663
8351
8857
13764
4927
9444
15240
2852
6845
823
2588
8345
2982
14113
11005
14419
13871
5109
12039
14749
7918
8837
10996
7108
12832
10743
6330
1508
12964
13065
5312
4107
7223
9024
7974
10327
8228
6532
2656
13329
13849
10787
14750
6101
12291
2720
11843
6609
7380
5128
8047
9135
9861
6483
7226
1976
6472
1659
14083
3136
12008
14070
12601
12758
9617
12978
11112
11271
5689
14634
3779
13213
1927
2574
482
8497
3752
2281
10000
6670
12047
13851
5936
10824
8959
9539
9325
15597
14287
11936
15533
1151
4526
4028
14523
9921
11318
15345
15632
8020
14357
12854
1534
15608
2412
14046
7579
9557
4691
1905
6610
7439
5571
15410
9605
15002
9429
14597
4491
7466
14965
880
3422
5283
1460
11281
7512
4934
10879
5010
2045
13831
7109
2008
13180
8435
2481
9589
13112
14914
11639
7962
2668
3646
5815
15256
13228
10440
2051
2457
7069
15070
4399
5733
15397
12614
3595
14483
14883
15020
15702
15412
9878
8112
11102
9690
14509
14268
13268
10348
12496
12808
12083
1188
2268
2402
1729
12666
12585
13172
12865
8575
13951
14271
7475
2488
12698
12226
2110
6836
6789
5645
13972
13465
14635
4430
13869
6118
5490
11449
15514
2120
1956
1573
3817
8196
5978
14170
13868
11748
4463
7892
12130
4450
1373
14217
2762
15249
14378
6648
10166
5168
1880
1603
3605
6720
7201
10168
13055
4939
9745
15036
13945
15395
7348
8635
11982
7618
2103
2854
10231
14377
9906
6803
9857
6688
5702
6668
11792
2908
5475
1516
7874
7529
4602
14223
4470
15469
1243
14125
3783
4617
8815
7366
11162
1230
804
1774
7179
4341
9742
11551
7843
8141
4391
13144
15046
2776
8805
9532
15476
4293
15202
14799
15144
10572
2210
12697
12569
5236
9289
5496
4616
2230
10171
14995
10792
11754
9515
9923
14283
9323
9245
14791
10672
13404
5780
1889
14945
4262
7007
3427
10796
10119
229
13987
11849
11484
6824
2532
10381
4812
14964
13590
4728
12885
6623
14918
13214
6095
8025
4497
13595
10151
15265
2485
14415
11960
7351
12035
4516
3486
11839
3083
3737
7186
1718
2449
9623
10266
10853
6004
2274
12287
13098
10975
6194
14822
13607
13064
8581
13256
15321
13105
3884
8319
11460
12837
14100
7433
5158
12737
2552
11794
14000
2511
5267
8349
1512
14732
15809
4209
5503
2473
6489
11152
12971
14780
9974
2254
11807
4569
14931
3127
7606
9713
11113
6425
2621
3126
7566
9548
8173
14160
5025
2251
14561
13095
11008
12868
9230
12237
11300
14690
11548
12984
13446
10054
3814
9659
5584
15529
3022
14496
12192
7749
14934
5602
15536
3307
13994
9542
10346
9727
15411
14171
4165
13812
3420
13841
13411
12348
3500
3881
13488
2551
13702
4666
7770
4223
3132
10254
8707
12141
5104
1801
15028
6107
11367
7174
15355
13252
2757
7312
3530
266
6641
15021
7107
4912
10269
13854
3827
15715
4122
7563
14701
3775
2312
12378
15692
12604
13693
4400
11292
8941
10524
6092
13645
12081
13681
13892
4152
5868
1894
4419
3327
1491
12078
3672
13230
8201
2805
11602
15623
12571
13279
15781
15592
12313
6002
10114
9712
10121
14598
9612
2152
7016
14565
1413
14736
10209
2215
4179
8958
10578
11373
6496
13082
8329
10379
2672
8463
11592
12442
3204
7288
1896
1172
3680
3396
3924
9644
15761
13820
5415
15434
6334
11867
9888
6556
12530
15090
6497
13233
5057
14242
3043
10847
10750
13635
10684
2637
12257
7480
4634
9322
7468
15471
9383
2226
6627
15319
15763
11174
12097
7464
4360
542
4038
13046
4900
5844
3675
11267
11718
15268
6200
11869
13360
4350
11246
3690
5023
6245
3208
14771
7044
3319
856
3665
10810
10402
5599
4713
10928
394
3704
15261
8055
13813
6984
9807
2638
7039
1768
12785
8908
7883
11256
3949
6444
9116
15780
8429
7292
5981
5845
7607
1748
7846
14895
1632
12703
12955
817
9097
3197
14968
5568
5721
10387
15388
3078
13335
9975
2513
5958
1015
5013
15195
10068
2119
13303
13749
1960
8531
4888
8180
6278
5440
1251
3902
3080
13710
10478
15351
4672
1562
15079
1220
5006
3657
15030
12239
5479
7344
2321
13092
8099
3067
9181
15331
14460
15223
1102
4851
10344
10841
14584
8419
7229
3502
1726
13331
2563
1299
15551
6410
13860
3152
13762
14607
6929
2628
2605
704
10692
15729
12185
10540
4136
14604
4785
12677
2580
13110
10700
8771
617
4643
12280
2435
8155
11007
12727
6921
4316
5762
3612
6266
5855
13146
12009
7983
2617
2659
2222
9257
1510
10493
13263
14585
8989
7822
11717
5295
9587
3987
14888
13688
10813
10541
8720
13028
15437
14792
4594
10580
4677
6618
15723
7598
11330
9926
3383
9424
7119
8928
6536
2382
13157
14097
14425
12624
7373
7896
15062
12993
15656
15019
11050
4495
3372
10140
2413
8678
6612
6970
3021
1100
15093
9273
8473
12847
13137
10377
10289
11632
6439
3915
1483
8006
15730
13906
11757
3555
6307
1514
7737
5700
10211
12363
3151
13133
8927
13751
7297
3708
12818
6366
2701
5565
12179
13616
15366
6020
12056
5761
13163
8572
8542
7511
13652
12031
15219
9730
10226
1664
12454
1704
2493
7516
10435
5398
2141
15269
6860
14892
2730
5802
4142
8710
4967
7746
9466
6275
4843
8317
3787
7309
13653
13891
7544
5133
7564
6918
6783
10310
2116
10652
15378
2543
5383
5125
10734
10347
13968
7477
12835
9989
6469
7691
6626
6990
7774
15495
1679
15056
13726
1541
7970
13294
12074
3692
9828
8806
7284
1818
5676
13418
14469
10680
3903
6308
14629
934
9872
7500
5799
3999
8311
12922
7904
7889
4721
7682
3942
3667
1773
2007
8136
6105
10597
11160
7204
11977
5931
8667
8428
6608
15344
7813
11607
3941
13796
8962
13186
2527
13364
6000
14723
4338
15721
11123
13862
11101
12119
3913
9487
5629
5572
8439
6963
11351
1604
11378
12003
7075
12359
3922
1808
11438
15022
9954
4025
11666
3888
5243
7403
14101
14275
6607
4765
3310
7319
1584
5859
5740
1574
6780
13248
14058
5306
13834
2019
7590
7032
1984
15467
9473
5020
13420
13059
8088
12713
13438
14457
4548
13077
15604
2926
10607
7648
13207
5094
3844
6078
14748
14718
6401
13289
12177
7443
12108
5741
9027
7999
7199
5451
6103
7664
9175
5628
3979
13827
5999
15697
10472
12811
12046
15171
4818
7230
11860
9854
11490
10055
8740
15674
7669
10634
6924
14475
4654
9553
14579
11500
3512
544
2428
3111
1355
15136
14218
14988
6857
12634
1224
10271
8588
15486
3340
14897
14685
8117
760
10187
14071
13249
6542
13911
13840
9999
8839
13209
14688
3786
6408
2977
6906
11435
3564
12986
4520
6346
9084
7222
1070
9263
1027
8283
7461
3615
11585
12980
8888
15326
14773
6834
10131
531
3072
2421
13760
3627
13287
6178
11361
15636
10408
11040
10276
14031
4767
5022
5524
2271
11353
1524
4063
5913
9361
4453
10233
10896
4061
1717
14448
6949
10365
7673
9778
10530
6114
15485
13395
8926
13262
4035
14310
11644
15116
13359
4337
3313
3402
6541
3280
1977
11394
7498
9640
7542
7764
2867
14845
10279
7152
8000
10690
7661
1384
159
13190
14297
13828
4508
5136
6060
15107
10205
8921
3805
14582
3769
6158
10015
8717
5569
5260
13579
13416
6680
8124
10742
1606
13893
3110
7688
5813
2542
8354
5248
10218
12326
13722
15740
13890
8272
7459
10111
15464
9701
4539
6136
13106
11753
13789
14904
8669
4990
13776
1597
5198
14775
9140
8368
14317
10785
13277
10918
3245
12289
15080
14729
11653
9536
6595
15580
14040
14397
3676
1887
7390
2692
1294
3691
4105
530
3952
4214
14528
13816
15374
11057
14761
5945
9066
10547
5502
13189
14356
4309
4914
14135
5471
9197
9882
10270
8770
8832
6700
12216
9607
13714
2067
15316
13487
15392
13686
14466
14600
2548
4459
6326
4589
2611
4056
5707
4119
7562
14657
13477
9035
15262
5975
2345
13441
8759
13658
10664
1246
11148
9007
11150
5552
13941
5528
13563
13401
14739
15558
14145
10689
10201
13846
10921
8973
13740
15370
15492
2057
12024
5996
9524
11429
3911
5277
7057
3118
7718
15686
12526
15300
8893
11225
8988
14711
11987
11385
13194
10098
12905
6420
5510
3576
734
5301
12874
8072
8502
9431
1610
12041
11812
11264
6937
8554
6791
14982
9305
6417
6441
14486
8086
7093
6292
6940
1641
10833
6818
1081
14019
3020
8489
10615
7614
12281
13087
7538
12032
9873
6509
8257
12819
14476
5351
10726
13461
10237
5712
7725
15505
3143
15011
12369
8808
5833
4903
3386
11319
1568
14373
7266
3489
2094
6746
11147
7376
15185
4806
6127
13922
10455
9990
14143
8936
3940
876
4150
3416
9757
7731
5742
11681
2859
8142
13313
4970
14446
13543
15160
6795
8274
12977
9262
2138
14142
1871
14381
2283
10210
4673
5949
5438
3317
4883
7191
3431
15332
7893
13358
7001
4285
8871
9010
5457
10872
463
10650
14154
1238
11868
5354
2408
3159
9656
4879
5270
15272
11360
15200
8547
14871
9839
5353
13609
14039
9852
9523
11972
5512
2077
15362
11079
9366
11095
7213
1816
6032
10567
5131
13950
5180
11127
9303
2443
1503
2836
5074
7020
6440
10674
3314
7835
15334
2589
13298
2001
1938
6074
13956
7570
9476
3256
2827
13431
4987
6792
1657
6121
6352
2350
7279
5669
6646
4997
4541
2715
12375
7212
8965
6206
3776
8546
13565
7158
11841
15795
5237
8732
10725
10099
7397
3024
12715
9837
1157
15512
13081
10713
9611
9651
15606
12259
11851
3164
5399
9489
8615
5411
9127
10537
6333
8118
1305
2616
4507
8135
14930
14262
7899
10523
9890
7042
3523
2334
8718
9633
12335
1233
10718
5879
6354
11608
10459
14384
7127
7917
11206
2671
2954
10550
9838
14662
5519
1637
5359
6881
14132
14054
6699
6521
12176
1743
3643
9353
8267
925
1228
5130
11204
13139
15050
12534
4296
11498
8023
6739
3518
9667
8200
12182
13903
9809
10919
2739
1753
4363
12610
2325
2081
13573
15108
1474
15254
11084
3410
3637
4238
11126
7800
5627
12742
7128
1732
10711
14276
12005
13855
7878
13102
13480
14709
9172
10056
5046
14037
4600
9641
15635
2469
8062
9507
1488
5982
6177
6044
14616
10195
14553
10027
1419
4630
14538
3782
5334
8844
7125
7595
13779
5589
13328
15682
14065
12598
8214
6599
12417
7251
3642
7401
2625
9145
9618
12481
375
5234
5174
5745
8512
6267
15808
13050
12889
13736
8623
8121
15214
15713
2207
14957
11177
12133
9346
10599
8058
6187
12672
8801
10207
3477
7634
4102
9252
3260
3353
5547
3990
5456
15496
3385
12512
1959
2945
12753
10916
538
12115
5263
10281
8697
10100
12583
12123
3377
11521
11722
15589
6765
12596
12897
12103
6416
7611
14175
4938
4543
6603
5771
10017
13672
4084
12822
15769
4184
3161
1971
10213
7541
1525
13468
5551
15105
10489
3064
10956
6575
5648
9217
2174
10427
11128
8077
11573
1716
1352
6119
2718
11544
4256
1599
3964
6742
10799
4979
15045
5690
9400
14942
10439
4326
4047
11705
5012
1906
13429
8607
5636
5730
4711
11712
3238
3632
14398
4276
10892
12232
15741
8330
4675
5566
3583
12908
4092
1648
2810
3594
7427
1425
7910
12721
2850
2991
7990
3819
15540
2862
15291
10625
11687
5774
7061
5253
2888
15275
14473
5678
12618
5944
2259
14529
5827
4050
13274
12043
7609
9449
3955
5852
8970
4159
13575
9798
14677
3624
4950
2178
10888
12815
8993
11682
1253
5870
13551
6928
13610
7446
5259
3547
8364
14096
10582
8704
7597
9137
7992
8968
5950
12406
6318
2900
2758
13564
14212
6150
10646
11744
9370
12548
7857
12740
3128
13529
11172
7556
10657
9078
3041
10645
13754
13218
12390
5436
15350
14043
5564
6476
1432
4197
14618
11269
2965
7832
5239
10586
8571
4751
6383
13234
14208
12788
8548
3439
12358
7761
10342
7817
1334
2029
5463
8613
13562
11814
5738
1903
1601
15577
13090
13713
8491
2966
5338
14290
6761
15651
14665
8565
8312
14581
14412
10777
12026
11451
10668
12875
5559
8742
7272
13399
7670
10978
1281
2989
3492
9396
14380
7852
15451
13817
11890
10598
7773
8456
14270
4319
7921
11487
4161
10157
14823
15567
7864
8037
14224
14675
10947
10052
6228
6533
9779
8552
14467
2140
5319
12193
4547
13734
8656
12367
11444
7423
13227
14786
8543
6340
4954
11709
12360
3200
4820
1247
4429
7333
3292
6566
14647
7323
4893
12013
9472
4994
6406
13863
13998
9692
9413
15470
6568
8013
1750
3745
14998
4203
8362
11546
3907
7912
2434
6283
15600
14947
9621
7844
1991
11917
11638
2964
11954
2664
10499
3348
11298
11029
3815
3893
4253
14148
9528
3926
8774
11295
6042
4572
1837
3663
8017
3918
3557
7866
14740
10970
6286
7131
5934
4936
3206
10311
13747
1437
1175
1626
7419
5185
2066
15167
3945
11083
9925
9576
6457
4496
7330
13338
15250
6198
11537
4976
7750
13531
15358
4458
7558
10137
1517
6293
15653
14255
2218
10425
6988
12701
4646
3746
4868
7631
9064
10223
14030
13241
12296
11332
3411
6262
7553
10909
1899
3019
4696
7872
9106
2070
6392
6141
4008
3153
943
5968
7301
2623
5162
11403
14163
13235
4749
5703
12745
7909
12637
2604
12201
14562
5838
13620
7580
14649
9418
7665
8563
6798
1805
1914
6323
2734
11665
11645
1349
2528
11419
11173
14986
10973
15154
2280
14008
2500
5898
8396
8966
2974
8061
12607
5276
12680
2794
3044
5215
7709
4289
10663
11846
10465
2722
15799
13557
5891
13033
15658
10474
7123
1771
6872
14434
4922
9479
5993
2706
14784
11513
11968
490
9939
11895
8234
1363
7576
4131
1838
4067
8174
8836
11685
15617
8760
6756
2285
7089
14226
13111
7602
12483
15361
4471
11415
6372
12561
4187
12942
3155
4046
4423
12595
5809
11078
15183
14355
15012
1727
12531
1536
11690
2286
7808
14967
6023
8864
1348
7548
2123
3917
13809
6707
13013
3869
11469
10855
10169
10412
6883
13280
10062
12213
9994
2744
2573
10245
14542
5991
12706
8434
13535
14012
10955
7033
9802
2615
7267
1806
10548
7260
9367
10094
6234
2458
9562
3400
8494
5003
6901
2717
9450
15498
14798
10322
8189
15084
3778
7612
5307
12842
13018
14717
1258
15452
10518
13895
13152
4689
4971
11985
7674
12588
9475
11671
5940
7425
5967
8448
4664
7287
12217
10636
10278
8769
9488
11713
2477
7368
15135
10174
11220
5080
11421
14282
7913
13570
6090
1317
9030
1593
11395
1192
5298
6221
1526
2853
14939
1347
10225
8183
6033
6024
3739
8282
7121
9801
1992
5454
6061
8286
13254
9599
14898
8449
9271
8144
15537
15399
8555
14429
5381
4299
4384
10167
5184
9754
4593
2705
7304
5971
14813
6008
3219
7102
3883
14908
7349
5615
9609
13746
12095
8764
14535
3616
6884
9427
13985
11762
2337
8404
7668
9011
15329
2849
15528
12202
3008
7514
14805
5018
7767
14468
12603
14326
11613
3084
3504
8300
5550
8589
15260
14560
13606
12295
14228
519
5644
7355
13316
1646
5915
3906
14420
4347
7628
15427
14324
12490
9704
6448
5851
14807
5446
4640
14663
13278
14422
8827
9680
7176
15203
13629
9602
9601
5865
1328
9000
11657
12386
4237
1204
5395
15186
9150
2299
8313
7795
14903
6564
2018
1611
12592
12161
8750
6823
14515
7715
620
11534
15738
1366
15335
1766
5218
7760
13451
9793
9462
15509
12823
9511
9433
10998
15353
2632
12916
2191
6772
8782
10641
14678
6913
10669
8035
7053
13049
1797
4682
14120
14615
14451
7303
8668
11796
7146
12049
11798
6814
5888
5804
9953
1784
12299
15783
2034
4538
1223
4757
14606
6593
7056
13801
12419
14002
9485
6578
10560
12738
15481
14623
5421
15211
8169
8437
9438
15312
3274
3785
11725
15649
863
3681
15083
14123
12729
4525
9707
5035
1720
3361
5561
12867
15461
14045
14699
11530
5044
8849
2962
2768
492
14642
7296
5067
8216
14189
3228
2702
14437
2277
15190
6877
6428
8823
8738
5641
5095
13811
7998
7980
11025
8826
15217
4477
6520
5326
8573
11296
4528
4448
4545
9219
2246
14541
6835
5866
7510
11990
10337
4576
2096
5101
9849
4190
13931
4097
13135
3229
4951
5056
4452
8574
4722
8716
12836
11494
12093
2976
10397
10773
14758
4416
8870
2961
14505
4290
8233
5625
12345
15381
10522
13410
14676
11370
1333
7002
3953
15418
5884
15192
9799
3526
11829
11445
8522
2087
6443
11601
7714
11988
3236
15197
9051
12513
7258
3220
5466
3570
15193
12219
14935
14994
15305
3247
6675
9865
8917
15282
8206
3799
12380
12748
13222
6922
3871
1331
11086
12065
6647
5089
12649
9812
14067
6102
12792
12652
8269
2830
3957
3629
9042
10039
10957
5186
5160
12251
10021
4003
5078
2937
4556
2828
12236
4393
14064
13009
8197
6855
1141
11240
6287
4554
8567
1270
6590
10542
14641
9947
11881
4246
4638
10883
9998
2472
9406
5486
7214
13667
12116
13042
5429
13366
12247
9912
5500
10858
2622
11656
10633
15694
9936
12747
13093
9788
4053
8860
9978
7211
15482
6956
10859
13761
11371
1519
13856
5026
8541
6036
15696
14066
14374
12907
13634
9014
10390
11182
1979
6110
7111
14458
10997
1353
3109
6967
11221
1440
7508
6240
2155
5846
8243
5265
4479
9345
9212
7687
14927
10108
2992
3851
15417
3825
3068
10018
6109
3734
3328
6138
6025
913
10393
1623
11610
2446
8813
3470
12621
5924
5148
3142
6802
4199
1696
14229
6550
2109
3304
10950
4985
11921
2420
14713
5943
8191
7424
15672
13040
9080
9481
2298
6666
12981
4519
13435
1575
14323
8478
13926
2566
7150
8411
4797
11491
6027
2881
7237
1997
10899
7757
690
15196
5350
2564
2804
4112
1700
6407
11155
5608
14997
5462
15530
12241
15247
8038
5340
7727
12052
2547
9672
8514
1313
13514
9826
10138
14334
3765
11161
3412
9241
9269
10988
3138
9412
9578
13964
9949
6272
5611
12173
5642
11618
3098
6806
10993
8320
10073
11506
8007
9582
15164
12294
9328
9568
6139
15494
6619
7060
539
8069
11761
4530
4432
15680
15298
5917
15124
14403
10515
1162
13896
9333
2788
7957
7227
8725
8211
6247
6492
5343
9200
9448
8336
1988
12536
7455
2165
8674
2370
15006
4537
1770
10842
4444
4844
1860
12731
3451
8612
4553
2870
15281
14923
3003
1680
3272
5698
14628
8005
11765
14828
955
6809
14032
9220
4791
10460
12904
2729
7806
11932
7958
13728
4422
6964
4859
11836
12510
10063
12972
3230
8359
14938
14705
8277
7200
2844
10644
12719
5970
9194
14047
5154
4832
13559
14946
2753
15241
13784
8890
12917
14234
5325
2142
12473
4130
13393
3192
7157
6173
10907
7830
4288
6176
3426
13948
10332
1765
12999
9381
6867
11955
7364
2699
8343
4931
9185
15521
2520
6382
14034
5303
12521
13428
6028
12881
9138
11898
6985
5423
9249
1008
11358
3822
14166
12298
5406
13621
12223
11520
13333
11946
9334
9004
13953
11865
5355
4224
6925
6241
11933
8597
12340
15313
10809
10303
8611
4369
12233
3062
3358
2913
1978
15099
2026
10389
14152
12351
13472
15578
8955
4544
5989
1963
15774
3638
15230
10359
13928
8730
12655
9905
7693
6770
6617
3751
8852
14246
5820
7073
6099
6549
8348
4048
4489
8584
3381
5460
10172
13037
9159
9575
3026
8100
7219
11454
10961
5442
2644
7076
6637
5810
1377
4210
4264
12199
15588
2529
13919
11852
2648
8250
11179
8405
9551
10343
9109
3073
14817
12915
7942
7820
6899
11956
13825
12458
11393
7978
12286
1798
5542
9141
15507
11959
13550
1111
3169
3927
7404
14291
7623
13927
4178
6719
4441
4476
7224
7929
12054
11764
13586
5681
1297
12343
12453
1318
3887
7555
9154
4647
7613
7252
13700
5216
5957
8658
9813
11039
7885
9076
10128
14751
4004
8322
431
9987
5691
1372
2450
9331
6202
9447
1464
4989
6895
6269
15798
5328
8469
15333
13798
4330
10329
8948
2840
10253
11628
12203
2228
7677
1974
8275
10298
6063
5203
15742
9210
11135
4271
7522
5157
11426
4697
4521
13943
6815
13191
10894
3757
5280
12876
11413
13149
7361
12066
4380
13995
12085
13079
7908
5313
6279
8904
8060
9964
10135
11692
1500
13330
9669
6652
1412
2050
11707
5663
8711
15709
6903
3037
11646
831
3575
14264
15033
14416
14443
12983
6898
2803
914
12749
8159
5616
4577
3563
13154
7171
8585
3658
11223
13240
7360
4536
10224
11472
2074
1625
12834
10536
5178
15768
5643
10521
2813
3831
10552
6438
3848
4886
2724
14850
5366
9543
9794
14267
8103
10790
1304
3599
10717
4192
2826
8246
13458
11337
5688
13445
7802
15711
13555
12855
2654
6491
13949
5647
15229
11914
9871
13478
2100
12705
14661
8131
6208
6779
5193
5619
12636
13414
13143
7043
5744
4558
11584
5246
3593
14253
12992
15191
4298
3366
8213
11785
6724
2516
6222
14879
13151
10939
11242
4641
2470
15664
5507
13284
1343
13774
10895
6327
1381
7886
14966
8549
10251
9498
7954
2716
13464
13327
10130
12212
9875
3259
1470
4109
3334
7099
5008
12492
10564
14414
9213
14461
8052
2042
11636
5537
4981
4891
12470
2340
1274
5694
2917
7052
4201
9504
6797
10141
5605
10822
1453
6689
6135
8447
650
14667
15543
916
13056
2517
8539
5585
5316
6992
7198
13426
3172
3846
618
13867
6554
7205
13971
1060
12882
4362
2629
9130
11253
14873
7868
7072
15016
8822
1859
5909
15367
14706
12485
4310
10416
13068
11559
9284
8104
8014
2227
13637
1414
13219
10492
6827
8451
14336
3376
12883
14359
4816
6530
4715
4311
4114
9223
13844
15177
11010
7520
10080
10372
3503
15450
4022
1545
4060
8802
9728
15665
6239
10568
4333
3908
8323
3522
8979
4974
3253
7117
6887
6231
5494
7993
12961
3286
8846
11894
8952
11553
14266
3294
2388
5293
9111
510
5320
7763
8634
10334
6218
1919
14987
7972
13491
10357
10852
13561
6555
13196
8285
4792
14167
11402
7811
4249
15534
676
1560
10878
5979
9811
7196
15786
9746
14818
1873
7359
4348
5788
9364
12044
4802
10161
7458
9117
7133
4128
13753
4884
2204
6298
14692
6250
2557
12274
11058
12720
5036
3929
14372
6093
7881
8797
12859
15303
9731
15354
5427
2306
6943
15568
8731
4451
11828
3698
8321
8949
8905
2988
580
13537
5132
9461
2665
4037
9674
5794
3388
15542
15789
4064
5118
9766
8360
10986
7578
5508
1921
2158
14165
5938
3736
10163
11321
2424
2035
10020
14269
2198
1280
8087
2139
13711
5272
4080
3821
13939
6182
5969
10446
9574
2149
9146
2833
14222
12142
9749
14980
6458
8380
3221
12549
12015
9456
11561
15631
10630
13558
5356
13006
12149
14985
15708
2354
5773
5933
9343
15806
14806
4493
11623
3569
5818
11910
13942
1506
14611
8002
5141
15550
14510
15569
10002
15576
12422
3146
6320
14116
4392
9717
9732
3306
7863
15794
15598
8302
5803
3374
6037
8168
10144
15330
11586
3389
7235
2489
14180
15213
5105
2111
6021
3956
14195
12266
12446
14181
5241
11650
4355
6585
12769
12253
4789
4510
7341
8357
5458
14320
6888
8143
6620
9236
15619
12019
15787
3094
12045
1092
9626
2000
5955
3810
2328
3700
8530
1378
4649
7381
7875
9074
14137
5240
11708
8682
2475
1728
11263
14599
13772
15044
8998
14847
8828
4986
7745
6205
14738
4667
13600
9976
5772
14900
2537
4928
1509
4836
14841
5439
6974
10136
10661
13168
4186
11006
5235
15286
6962
3251
7332
5563
8266
4466
8996
12700
11683
3001
2484
5096
6905
14044
3965
9874
6561
10958
8126
14231
6731
8847
5061
1395
12167
11882
5626
12441
4575
10175
10005
2164
12884
9510
1712
4511
15013
11164
15753
7144
14800
9169
5946
2994
7467
14683
7078
1567
5513
13340
15736
5531
11165
13243
5525
4007
14256
10304
6958
642
6757
4307
15587
14014
1337
2166
6941
5137
2249
7829
4397
8745
13712
14115
14249
8723
14889
6545
12053
10662
3534
8280
2898
4629
10384
5935
5704
4784
12573
7654
3375
2695
14105
5453
9283
12036
14321
14232
4551
2302
12580
7100
4175
6874
11200
12552
3600
15280
8943
1451
4885
15220
4798
13632
12982
7034
14851
9729
4529
2192
10376
13029
10067
9734
4485
11563
3741
8394
1878
2071
15087
11392
11218
14103
10616
12077
9892
13921
10964
6169
4033
15288
5522
5291
12605
2990
13515
2052
7451
7328
11283
9868
6281
6960
15737
7337
9047
3060
13164
10395
1975
13914
9280
8414
9950
15106
12328
4148
7704
7841
6220
1707
7104
6395
6503
2386
9616
11733
12158
6319
1295
13720
11252
6196
2444
3009
4644
12169
7732
6654
8812
10924
12979
11780
3266
12051
3792
11703
11649
2556
9679
15519
15575
13002
9105
12739
10670
9506
1592
2784
5947
7086
4302
5430
11739
15549
10235
7217
930
9403
8457
6273
6842
14201
10797
3644
7305
1869
12308
6800
10854
6243
9317
12208
2920
12762
8536
1907
5159
6989
9804
5872
11372
13857
9753
9098
3485
14715
13915
6030
6487
12265
6501
9508
10709
15357
4831
15098
6576
13650
5422
12575
12246
14693
5119
12506
13682
2731
8677
7441
11386
8244
5811
8008
9058
9329
1401
13647
2864
9909
15670
1786
9443
15555
2545
4424
11799
14797
12418
12787
12243
5053
12914
8253
5491
4564
13136
12420
15359
14411
11609
8795
15225
10415
6048
9970
10716
13117
8177
12122
5086
3344
10508
12638
9603
1339
3581
15293
15401
14549
9123
6831
6951
6577
13598
13718
11625
12439
6886
11532
11516
15764
11993
11463
5805
5858
14478
4244
10089
7393
13556
10820
6214
3124
5837
9131
3916
14216
12321
8671
1307
4365
11066
3525
11837
3740
14886
15304
3277
5308
12252
1993
6362
12617
12665
13993
3754
1420
12204
15449
10154
2601
13701
13512
15733
9759
8379
14404
14578
6317
13319
1852
4406
15172
5425
11766
4011
3890
6210
12566
12104
12183
7084
8071
11322
8875
12234
9012
9620
14051
2440
9951
8792
6841
15602
4740
5191
1499
12797
10373
4683
12894
1468
2906
9691
1369
6259
9767
10173
9955
12928
10682
2521
9103
5337
4382
15462
13601
5372
13244
11919
11911
5972
3343
1681
14090
13773
2293
2353
8199
10490
4321
3442
1687
7169
13850
5093
14485
1487
9156
3293
11905
13541
6615
6971
4574
6954
8843
12523
8026
4810
12615
15389
4354
9723
2012
6300
2694
2790
12639
6285
5541
4846
14102
13608
7716
14131
13260
8236
8798
11065
8221
11324
12712
6125
8900
6808
11047
2939
8498
10249
8804
8031
3484
7939
7331
7515
11822
3090
14724
13276
3490
10694
5452
4814
13536
14076
9276
14136
3473
13251
2980
12181
10712
6923
4619
1940
5217
5173
3121
8353
7729
10190
3899
7733
6817
6242
11076
6479
13200
9107
3335
9628
13611
2522
9606
4855
12593
13908
14138
12895
5258
9858
5194
3139
10307
10738
13019
3448
1158
1090
12950
6695
14820
6411
3944
9125
15227
11542
2248
11482
13768
11531
9526
13031
13225
9316
15299
14653
11820
15032
7801
2294
13402
9677
2179
9896
9834
4730
11072
5292
12840
5779
5832
5696
12000
7383
8746
11736
9286
2380
1033
11396
2063
6866
9870
14254
7310
5683
3909
14867
5441
11797
2752
2535
15420
2332
13963
6776
10019
14655
7023
8305
15088
11268
12087
9700
7816
9755
11811
9901
9509
15342
6268
8969
8821
9904
1851
1983
13799
10118
9414
8603
4817
5459
6255
5828
15559
9918
15371
7059
9050
1543
12409
11166
1210
1823
1892
3860
7005
2441
5202
9221
14789
9144
11299
6311
3521
8689
8095
13752
8892
10324
15607
10774
10258
4949
14719
5219
8416
8918
7469
12248
5251
6659
6893
8391
5535
13085
15666
14182
9417
7721
6100
5848
10320
10865
13436
12869
7943
14673
8651
5755
14361
2507
14944
4942
15776
3693
9530
11642
8423
7932
7796
14548
10246
11937
2399
10529
7143
7444
12714
7255
4295
13837
4133
5108
8413
10429
6015
9404
7730
7493
8598
9165
8054
8212
14328
2211
3876
9598
3283
5954
8040
15732
12661
4663
9790
14399
15347
10832
2117
1335
1827
9637
6632
4098
10452
15109
6604
2693
12974
12870
13422
10570
11075
14956
4763
8614
14072
10649
10678
10115
9128
1285
10385
7370
14063
14424
14423
1652
13486
15579
1547
9613
13918
5986
13074
14388
2998
11004
15423
9031
3758
12269
6282
8324
11503
2099
14650
14343
12410
4866
4428
8490
12332
4953
9226
14062
14344
9604
1264
12361
13089
1254
9055
5959
6830
7565
5015
14151
6701
15458
11289
12685
15360
6445
15687
8119
14487
1551
7782
12556
14205
5871
8401
15523
3453
15488
13295
15017
6586
7371
6380
7106
4850
10082
6945
14379
3326
8083
5348
8796
10392
4913
12312
4339
5624
6013
2011
3467
11492
8899
6226
12681
6543
13641
7494
15468
12433
7025
3362
9032
11110
15150
5862
5876
11232
7453
13288
9722
12325
8855
5492
10606
13148
13239
9689
12315
998
6022
3572
2728
6633
6955
7476
6191
5341
11215
10520
10806
2941
15749
12184
11859
3173
4351
10469
6344
12926
4077
2201
4233
2429
7290
13204
10212
3378
11024
15725
12136
15479
9997
7567
4177
4937
14296
15101
11770
12331
6151
4708
12608
8074
3744
15055
4944
11700
10761
10838
12969
4232
2727
6297
14551
10704
7395
4570
4034
5362
10158
14319
5358
6140
9877
9966
9486
13283
12591
15716
11658
11479
9380
7916
11672
8278
12695
6592
13242
1198
12385
2118
14759
14192
11834
1619
8902
7804
15421
10595
8673
7708
14298
14433
13129
6582
11756
8906
5135
13505
11092
3284
3533
7624
13198
5736
7591
857
12137
4599
9619
14633
4897
11997
13946
13357
8106
6986
7294
13733
13826
2633
7488
8290
14191
12912
2186
10127
5103
2090
12007
7405
10041
11873
11574
11222
10648
13627
12196
11189
3937
12080
7853
11622
1370
2780
5963
10963
11684
488
7318
4208
5098
14118
10984
14024
8984
4340
15657
1570
4320
6664
9581
6085
15352
13304
12872
7518
12547
6638
10849
13039
2482
5065
14983
8395
13272
6166
10066
1862
14785
7247
1429
12973
10497
11473
13676
5081
12138
12906
6552
8854
11973
13220
12068
11347
8150
7377
4568
5719
7967
11359
3261
8477
8982
964
11053
11074
9968
1870
14811
6261
5920
13356
14794
2199
7261
2037
4426
4085
15663
8187
5450
8553
7588
5722
1407
9387
6703
9499
7940
10723
12434
12452
3025
13217
4995
11913
3604
10451
7197
4073
4540
8767
4023
12899
2839
15419
8493
7375
2781
3660
6050
14554
8218
2153
13187
12471
14056
8786
14936
6129
2732
3289
1405
4331
12107
1435
15538
14130
10454
13843
6717
1879
8436
2220
6415
15403
10053
13501
9931
10468
3727
3797
14088
1290
15655
9884
13369
14471
7068
4620
6763
11414
10160
2072
9191
10432
13504
10009
2808
5213
8593
14593
2682
14969
13810
14395
12017
15086
11906
12060
4723
10453
3689
4280
6370
1480
3379
9769
2206
9355
15340
3641
3966
3857
3323
10010
10660
5548
3973
10695
9420
11844
14652
15117
11312
1739
2182
13952
3107
7479
14907
7313
10192
2643
5997
10028
6165
2539
1367
4920
4145
7935
9446
12292
6359
11626
3824
6310
304
14831
15113
15310
9566
2415
10414
1825
8190
11120
4222
5284
6865
14626
8032
8831
6976
8862
9835
14861
2749
8226
11420
1314
7930
10758
2942
11912
6054
5759
6525
4533
3476
6494
11190
13255
7096
1308
4948
8377
13643
6276
5612
11582
12090
15118
11664
10575
5262
6132
2764
14358
15095
6284
3845
7793
6870
4867
3046
2669
8978
15750
1544
15681
2636
7181
8133
13296
4394
11486
15369
1338
5181
9995
8914
6238
4005
13727
6758
6207
13656
3282
13787
10934
11231
4717
11027
13657
13011
4926
3732
12668
9915
4690
12006
10762
2733
12949
5903
12716
14747
3978
5161
6111
9715
13721
10719
14622
14735
9666
2673
14727
9814
4841
1362
12857
12943
12839
5727
15416
11606
3852
5085
4778
8335
7706
11216
1446
10268
11436
5256
14252
14169
11800
14445
14525
14004
1758
9099
5775
7507
8425
10733
4839
3092
10147
11509
1537
4764
4464
11771
14953
15129
2690
11364
11181
2823
14098
2261
15384
10666
5583
2497
7291
12960
11984
7509
13984
4118
1966
11418
12541
8550
15187
13991
3279
14247
12383
12381
11991
15212
2725
14763
12320
4188
4603
15125
15047
9464
13763
8551
15146
5864
15456
1242
6505
12529
5770
4826
6123
5574
12734
15790
787
5706
9555
9332
12191
8337
3242
6709
4815
13735
9308
2856
9037
15325
8341
1767
6174
8015
13417
15516
3187
3115
14737
10105
5539
3478
6351
10881
1040
8679
10252
8427
8557
8445
14707
11518
3123
11315
9718
8925
12892
5397
5367
8577
1245
9248
10203
13879
5474
7008
3380
13697
14293
6679
6053
15650
6678
5637
14776
14602
14092
4227
10072
4653
14520
7307
14849
3763
7931
13375
4571
15500
5836
9735
8594
4366
1457
7955
14852
14346
1702
3188
8140
5038
1848
15654
8944
14752
11969
3699
1883
6193
12126
4216
9513
6180
12215
4090
13203
2447
3853
8215
9255
2177
5735
6993
7019
14442
1857
14769
9041
3296
13725
1443
5734
11940
12132
8690
12900
11886
4371
4457
5840
3832
11357
2949
6377
6384
13494
2311
6694
2667
7528
9359
4158
2544
9887
13583
4234
6047
3252
12374
12050
2863
3387
8859
6649
4488
13145
7550
7587
6219
13716
12850
6769
6829
7074
10030
11571
14245
10228
4992
13390
11980
4731
15323
6294
15531
3454
2891
4670
3834
8092
6684
2401
9251
14093
8089
1745
15612
4263
6368
6314
9698
3735
3519
5172
4054
9392
14456
8670
1553
14481
3404
8883
9751
5167
4267
9952
9048
14490
2033
11287
14155
1289
12717
3516
1564
4181
5831
4349
1428
14984
15442
8148
15110
12112
9737
14569
1346
7797
15705
11198
6361
8833
5573
13160
9179
4756
10355
2150
13443
10891
1450
8109
8132
7659
5002
9087
10484
13990
9538
8953
9924
11406
15039
2783
12602
15483
5765
6167
13043
6419
9552
5829
8765
13094
1402
9477
13332
15273
8778
5264
1802
2736
7594
3873
14974
14286
12127
10006
2911
6559
15553
13285
11285
1842
9115
14767
15258
13169
10356
13591
2136
12437
8229
4301
14197
9250
1916
8666
13320
14991
4860
8022
3508
4862
13300
4215
3905
2448
9423
10856
12576
5493
6498
13542
2010
12896
12766
11070
6414
5674
12258
12851
11073
13485
9841
11535
7384
3585
6690
11925
8016
12546
5075
4254
9564
11920
13978
11030
7900
901
9780
7492
5705
4226
5956
3093
12733
9277
8756
11693
7440
9081
683
15700
4635
2426
14793
1591
15629
12528
820
12163
10102
3921
13633
2006
8853
13673
9736
15566
3722
13569
15773
14731
15259
11595
5199
13305
10438
4743
11387
14017
14164
5000
2802
8976
7859
10612
9965
9129
8381
9988
8464
9091
2025
10148
6677
1558
13116
8050
11481
5532
4204
9708
3728
14005
9415
5673
11186
6551
13630
1448
12670
583
12171
2624
2333
15630
2626
5737
6215
13685
14409
4655
12466
15751
10905
3738
9979
15779
10417
3035
14722
6927
7748
14265
14760
7166
1631
13080
7890
6405
15226
9463
14215
13517
8049
9033
11543
5726
4376
4546
4024
1642
15620
5797
10983
4783
13452
6645
14333
3971
6467
12491
11674
14278
14140
7525
13344
5222
10256
5814
4189
11241
7973
13297
13026
11202
9518
13397
7317
14583
3985
1025
15685
15242
1633
3574
10498
15726
14196
15089
11089
3254
14193
7256
4608
4555
12930
12415
8592
4345
8628
5634
5365
5037
6246
14568
2377
2387
5392
15337
3401
2378
15074
7085
4305
4279
10139
5031
13873
11041
9092
5835
15143
6144
5220
8147
14021
1229
1661
12377
13638
7457
7523
4984
13373
6535
4660
10024
5536
1714
1624
9401
12559
14013
12368
10350
13513
3850
1932
9281
9085
13396
2675
7850
9776
10447
10706
3950
9697
14332
2818
10013
13719
12426
15443
14280
1315
14309
2555
1375
10549
9803
8981
11328
13343
6296
12342
15170
4401
6248
15652
13450
8866
6833
12014
13824
5558
11331
14111
6548
8700
15445
7126
14620
5923
4720
14236
14664
11514
14318
15805
11909
11734
4906
10255
4733
2264
9833
10345
1256
3432
11310
8070
1653
10830
6389
8065
6753
14878
5593
13759
6188
6904
12268
13001
6413
7948
7474
4243
477
12646
5621
1731
1312
15510
11080
7485
1217
12778
9981
8178
11862
10908
5817
9468
4704
1782
4714
7951
9836
11517
9232
6762
1416
3226
5150
6673
12846
7470
3540
8897
2645
5635
3012
1408
1532
11813
13245
8891
11876
8361
13020
7339
5007
2646
1374
13270
2845
15308
7966
5724
14174
3972
4573
12572
1955
12462
3943
11669
8630
13661
15057
14281
4793
1329
3258
10874
15441
4710
15147
2946
10932
2851
8903
8803
14240
1987
14654
9686
9402
12880
9013
8747
2238
13683
14470
9992
13660
5390
1237
15710
1154
14393
5964
14304
2726
13525
6493
9292
3724
4229
12327
11430
15466
8209
5630
13571
14764
15662
3683
11483
14482
8610
8475
5060
5826
15204
14530
5912
4153
3556
5942
3858
8496
8681
7735
9101
15163
13084
13482
5079
4132
3263
7818
13257
3384
8134
13842
5066
8039
13231
9192
7209
978
14810
13155
5675
12200
13767
4972
9173
5318
14863
2919
10188
11219
13695
4100
11091
12148
2799
11989
15628
10012
12484
7326
7190
7195
11071
3590
2501
5668
14619
4952
4611
14015
11100
13337
15703
12456
3278
4878
12301
6851
12776
8877
11103
5795
5374
1814
14258
9537
11616
5716
10632
13419
4270
5932
12871
8355
2792
8299
8583
3774
9496
13671
1226
12150
4356
1479
1594
4026
1746
5850
13996
14996
12480
815
2465
1936
10593
14020
5863
6784
3005
12750
6072
5638
2438
10026
15554
1147
9860
12775
12037
5127
3324
15283
12242
3993
8488
10116
12537
14691
10494
6579
2061
14658
10274
10193
11967
6356
7065
5709
1257
1350
15775
4853
14533
13642
6864
9008
14173
15174
4239
12194
5886
1234
11802
2565
6973
2619
11254
9733
8712
5875
5204
3762
11541
11583
13141
12396
2474
6676
10159
10483
5126
5432
10553
15756
14454
7666
6547
9327
9608
6987
3813
15198
13016
7926
12186
5728
13802
4685
15613
1800
4678
9848
15493
1360
2811
10191
14613
4834
3538
6299
13377
11863
6086
9554
6743
3996
3631
10786
5586
14743
15189
10064
1396
12765
14621
8582
12890
12256
14499
12489
10273
13775
8687
11565
7058
8048
12798
15034
15413
5473
9569
8195
14648
1042
9985
11019
6478
9171
11294
10363
4988
3262
1475
7253
15409
5511
12965
8167
4017
9234
5824
1649
3603
15222
8954
3809
8251
318
15439
13367
7533
4823
7805
6714
10482
8256
15184
11983
9416
15424
4800
4522
9675
2540
13269
10887
8874
3033
15627
15221
8881
11711
12145
11350
7495
3790
1379
9110
2754
9571
14077
3622
14721
5590
13861
15356
4250
15257
8130
3297
6398
1947
2883
11566
13125
10977
12690
1386
15616
6704
4462
12658
3748
6908
13786
15318
1456
3246
1528
1741
14122
12813
12683
12025
5297
6128
10506
4957
6653
1787
12824
12560
12016
8476
2113
8787
2843
12333
10884
6043
10488
8407
13806
6754
9330
13534
3390
6094
9434
2869
7257
4220
14119
4465
5097
15063
3305
13076
10146
2797
3135
4618
13030
14198
4272
4425
2490
1902
11286
10546
4621
13940
4078
7849
12990
12314
4686
14566
15503
14331
13444
9919
15263
15228
1227
7299
1982
4790
15065
2231
11970
2459
5171
9190
11032
1740
2691
12852
11961
13547
10333
8929
14375
5768
1241
2848
4032
15290
13195
11877
8920
4754
605
2466
13363
7454
13916
1839
12271
13614
1764
7880
6073
11480
2817
12275
9903
3592
15545
4207
5925
2876
12682
10702
7941
8365
12264
2131
8602
5385
10811
14612
7977
5019
7783
1252
1815
6447
14156
9897
14864
4297
12389
3773
8242
5302
12625
12159
13051
11262
9572
1925
4151
3626
15548
3339
8123
3464
7054
13549
2696
6696
15671
4241
7705
8205
1342
5758
3946
4744
9296
8898
5992
11823
11311
9073
10563
11874
2028
12488
7543
5230
11735
13578
5310
1985
11519
15480
2816
6859
13604
13674
10464
8990
3661
12669
6403
15402
8629
12505
3543
7787
10325
845
11341
15459
11397
12831
15660
10778
7188
9272
13622
12686
7891
4303
12408
12586
11437
6104
3425
1981
2027
11450
13668
13267
12551
12382
7254
2041
4372
9428
1518
3664
5693
13748
11858
15735
5124
3133
3030
5042
8783
8044
5106
6426
8794
13453
4524
7690
7965
2868
10946
12404
14741
5468
3360
7270
9075
3591
3781
12344
5339
7540
15765
4412
14038
10247
12206
6935
15031
13192
2866
3633
3889
6471
4819
12953
1146
8620
14639
13119
14981
4609
7739
4129
15383
7129
10845
11935
8861
4755
4779
8980
10768
2038
2304
2824
2015
13405
12599
14206
10239
13365
12860
4049
14139
12694
3747
8287
9282
15127
7534
8170
3087
3298
1893
10880
3303
7756
494
7969
9688
12322
12687
3301
13394
929
3122
12995
3318
13229
4651
10040
8202
1777
8876
3195
4039
13150
6553
14128
1713
9720
2651
6570
4094
13649
2088
4183
12676
5899
13212
11466
12543
10433
13679
9840
9910
1382
8352
11158
6404
14187
15382
6369
12139
3141
879
14925
14312
8182
5111
11146
1476
8339
6040
10587
12096
11234
4357
8824
2122
8734
4016
2708
13758
10194
8931
8938
2454
9657
9957
8569
15520
5151
8642
12238
3433
10744
4923
4123
3509
5011
4120
2892
9214
6565
15527
6152
7630
8402
3968
12487
12951
14766
2491
7151
10420
5099
13495
4752
7577
1803
6978
1796
10869
7271
8378
911
10622
8056
13130
3673
7017
1482
5282
13742
5754
6232
5330
15744
9163
10679
8766
4882
9231
1431
14595
8308
5221
15302
9956
11605
11680
8125
12812
14716
13086
5606
6258
3988
7182
6965
6134
6325
13723
13533
2310
13384
4801
3194
12140
10029
13115
5376
1032
3016
10302
14436
8384
8113
