3670
1453
3338
3664
3369
3339
1449
1480
1466
816
1183
2043
3729
3668
3727
3636
3734
1185
3749
1065
4059
3326
3373
3342
3352
3325
611
3323
3591
4020
4080
3825
3863
1491
3354
3639
3675
1411
1412
3590
3341
3614
3597
3696
3592
1404
3809
1403
3661
3642
1427
1429
320
3666
3328
3699
3598
3698
3691
1409
3834
1157
1222
3331
3692
299
3756
1259
3388
1512
1344
330
2045
3334
3894
266
4924
1527
1786
3638
1447
4157
3677
3695
1481
1478
3690
2044
1358
1418
3335
2046
3931
461
1529
3651
469
3644
2042
1252
347
3371
828
521
327
1473
1476
1496
1145
3693
1417
3679
3351
1543
1506
3345
3612
504
1540
2041
3687
394
1524
3658
201
1460
1467
792
1522
2800
3684
3603
3617
3680
1784
343
1255
1423
393
3587
3376
3681
3595
3318
3347
1486
4617
1436
37
1415
3633
1451
1392
3600
3700
1459
3723
1485
1348
47
3154
1410
4695
349
348
3655
127
629
103
3660
70
1525
3976
2047
3317
375
3350
3648
1499
1493
1521
3586
1420
90
52
4853
1441
3844
1489
117
3914
1516
89
71
3641
4035
1122
1507
3686
3601
3378
2575
3370
61
50
83
39
106
2811
35
3758
1490
134
1419
3674
3705
311
3626
3389
1430
88
1519
3845
4173
1439
118
110
1497
1824
1445
69
3358
82
1777
3706
73
466
1050
368
762
55
1539
1694
312
3383
85
658
59
3621
80
615
3656
1513
2888
3613
126
179
3667
3343
3816
3310
1475
91
42
1325
4459
3631
1170
344
3721
124
585
4478
778
3703
350
1542
131
275
3714
1060
93
309
3357
3284
548
81
3594
199
787
105
2034
1266
181
3329
3915
3710
3312
4914
1440
655
1477
3340
3364
122
561
4057
67
3719
4499
4444
3604
1537
4830
632
129
873
1444
2513
4823
3382
3258
900
3201
38
689
4275
591
4342
754
1343
1479
3846
2004
877
170
499
1581
788
397
97
1869
1536
1955
1825
3707
3697
1351
4055
464
5
3672
4141
4136
3385
4915
3327
3921
4559
511
3199
4125
3309
4193
119
4631
3981
4580
1356
4501
1102
3807
43
535
3609
4568
3960
1213
337
3253
389
371
3781
96
3862
4627
32
2782
4979
785
3678
3372
252
326
1648
3694
506
4031
4012
1503
1371
666
4644
3375
258
3136
4623
3359
902
1434
1175
2747
508
4466
3685
3348
1302
603
3333
3996
3374
1182
783
1247
1504
4115
3619
726
2357
836
3885
1458
3584
3322
4406
1442
3916
380
4800
2471
2221
2402
1975
502
872
3730
99
1509
1488
3854
3842
525
2182
1026
2972
4165
2923
725
30
3968
1531
4845
3314
1862
701
4524
1438
704
4389
4040
4453
3944
6
4431
805
3337
4094
272
74
3763
3246
484
4756
3063
1847
1452
283
1332
128
1012
1559
1025
1505
4927
3989
1463
4028
3650
2163
1087
2456
682
4145
4122
3602
4150
4894
823
2985
680
3732
614
4903
282
84
4120
1220
1500
77
4510
3713
4008
3319
507
1774
4971
4718
287
3757
3616
4856
1779
3081
276
4416
1574
3880
1495
4163
4153
4716
964
550
4735
1174
4827
4515
4407
4958
2912
740
1743
758
4396
1572
853
3799
1129
4759
75
1261
3902
814
3627
1237
1
3332
662
4117
3831
1511
1550
4010
487
1601
3569
1435
174
1790
4969
4137
2725
2898
2099
3108
3073
3169
3588
3716
4923
3673
2967
2360
2350
3622
2150
3637
27
733
2944
4674
516
2206
3828
4156
3950
1482
1776
2133
4818
2853
4432
1068
3053
652
1498
1528
1887
876
4648
3746
3036
419
2788
1454
2271
1166
3671
1945
1207
4702
3386
563
1865
302
3688
1763
3662
4042
3324
1446
1196
2283
1127
361
3131
3315
1039
3649
317
3645
4966
1040
329
3384
4409
292
3889
3379
3701
2770
1535
1111
3829
1023
1278
247
3634
1209
3774
1764
3855
2727
63
4602
616
4763
3377
3629
1538
4049
4111
3802
4599
4498
3596
4215
206
2617
3287
29
4426
761
2738
4891
4090
3711
3895
1787
2630
2000
3971
534
4896
3088
1021
3260
3381
3311
189
1037
4717
4764
3615
3840
763
79
3957
4047
4978
1804
2090
2582
3873
2180
1293
2753
2583
2020
1132
4370
336
4281
2958
3953
3975
3933
1074
3798
10
465
4135
3785
2567
4571
338
796
1141
3632
4509
3005
2051
3733
26
1284
3986
4711
4638
1235
622
4074
4765
4671
3941
4195
4542
4238
536
2564
4050
4906
2319
1121
4732
1061
2450
4201
149
1965
3997
4900
1405
3022
4458
4013
4211
4590
708
3864
111
4660
4951
3841
3465
1810
771
4345
1379
2681
255
2545
41
4757
4982
1684
755
1128
2183
3795
146
318
4805
2539
4497
556
4046
290
3
3949
3554
1241
4097
3992
4460
3947
19
4616
4861
3884
3808
4696
279
667
3741
4371
3830
273
4104
1361
4421
4390
212
3805
4436
3423
3860
3780
296
1181
4353
2619
4921
4872
4730
4785
1072
921
3909
3248
782
175
4249
4772
3900
4537
670
4685
2605
4318
846
1677
789
4339
1089
849
4029
4944
463
4003
1654
538
3891
4449
1778
4296
3652
435
975
684
513
3908
4945
4257
3132
4214
107
4326
4740
756
4190
4052
4240
4030
601
4053
1067
4399
4412
829
801
4434
4840
3919
4727
3736
2386
4947
1329
3901
3789
4271
2559
3779
46
3786
4913
1258
4890
808
3295
2979
210
3982
4668
4829
1073
1069
4603
202
4072
4768
476
4697
3993
2327
2292
4246
4932
116
1126
4950
4544
300
3393
4234
4753
769
405
4442
4661
4693
4911
4816
1712
4355
2795
3303
1115
4253
4417
4192
3320
4611
4686
1605
1316
2424
86
4525
803
3813
1393
2674
4375
2905
520
4354
49
4314
3839
1191
2019
4678
4633
619
976
2936
3881
4831
4918
2390
826
3222
3722
2645
2081
4220
395
4316
4692
280
582
2310
436
4131
4985
746
3537
3778
4490
4264
610
2966
692
3503
2001
4710
4941
4282
831
1083
2434
78
4594
4378
1153
4113
2815
2136
4743
4737
2642
3777
246
1380
298
1208
802
1078
1092
4793
2650
3654
56
1558
1376
1892
557
362
613
3836
2962
2348
3618
2435
723
2556
1114
654
572
4260
1658
570
4546
1091
478
24
1201
1555
4350
1281
321
4646
2760
17
1627
4700
2113
1877
4632
4319
4986
3581
2497
1520
3787
4817
191
4295
25
402
3815
207
3984
2970
3924
800
1366
1272
3536
4883
1296
2580
514
3852
3488
4377
4372
4919
3121
4200
4728
385
4952
453
1704
2779
4761
1729
4609
3404
1649
710
360
2793
407
1383
798
4550
3766
449
1125
3936
3771
3534
668
804
1533
883
3076
1119
418
2346
4782
4313
401
3783
1443
3806
4965
434
4337
3159
4920
752
4523
4086
4705
4876
1702
2104
1899
2639
1879
4261
403
293
4575
4255
2648
4374
12
4232
3356
4360
4266
4382
4637
4724
1338
4343
286
4984
274
4850
3259
3987
1386
3712
497
4457
121
303
609
1349
4516
4912
4322
284
813
132
3174
604
1823
4530
1815
4099
23
3869
227
4051
4229
4331
3461
2165
2571
1414
4866
1668
1750
139
2598
1795
2934
3095
1330
2657
228
597
1428
1198
257
367
589
3548
459
262
720
1280
288
2978
3241
730
3983
1140
4376
3956
1944
4133
1956
4647
3079
1518
1211
4796
4248
1883
4910
1384
1225
1873
4134
4056
784
671
1035
2576
433
4821
2359
1226
4937
4178
3793
3109
4270
1341
4288
2015
1104
518
3826
812
4746
4838
3998
4521
727
2530
4620
211
14
4738
2110
1461
4839
722
546
4241
4367
1766
3788
432
2679
1193
2578
1633
271
1118
2660
664
1335
4677
4347
1927
3955
4506
4176
186
4612
3762
4482
4517
510
3898
1109
2088
1218
2086
3820
3176
1749
412
4470
1108
2153
4290
4034
3308
2371
4174
2108
4483
3682
4819
3877
4558
1303
533
656
4398
4228
3745
3811
4811
4368
855
4069
365
4873
4110
1845
1594
3897
2830
498
2572
4187
934
3832
2433
3731
3276
809
3398
306
879
57
4598
3571
860
4159
1560
1130
472
2439
2982
1249
1829
358
699
4508
3202
4298
1900
793
4567
3630
2507
1817
1871
2859
3768
770
1228
1368
1177
3818
4538
4109
3425
972
858
1082
1324
501
1317
4592
2466
315
1523
2176
4636
233
4503
683
2342
1286
716
1036
456
4315
4879
2412
1882
4577
1004
1938
2
4826
753
1388
1587
2585
4004
2124
256
547
620
3827
1930
4683
4572
2203
2653
138
697
4694
3448
3459
1345
195
3526
4349
4168
1244
2953
66
4656
1534
1822
423
1245
4547
4386
4002
1250
3484
391
4268
399
1370
3198
3242
1431
1359
3928
3012
1962
2786
1620
4230
406
4203
2881
162
728
4518
4703
1238
749
133
4604
4698
686
53
1085
452
2232
2255
1152
2717
3979
559
2155
1909
4096
4849
2485
1187
584
2584
624
3299
467
4006
4854
2529
4755
1398
354
4068
933
3782
4689
888
1515
372
1027
65
3157
1607
1291
3878
1232
1517
747
640
1318
2791
2846
4936
4584
4388
1224
901
568
2258
672
3433
4467
4744
331
3094
3074
4312
539
4659
4197
3114
4565
775
224
887
4084
1178
4102
736
440
4237
4359
4365
3892
4835
1656
221
1373
2202
2250
125
1718
494
594
1219
1164
444
4939
779
4149
3709
3837
4455
1217
1703
541
167
4445
141
3549
307
1246
2274
4852
4983
3904
1314
4129
4180
422
196
825
198
425
1350
135
357
4752
1997
3708
743
4054
4586
1549
2587
4280
1066
4492
4366
679
4446
40
187
4750
549
875
1374
530
1502
4786
492
1239
4579
3907
780
313
2816
251
4352
4842
3812
4418
316
1698
4673
140
1326
430
4833
1093
3910
1076
3391
1653
4974
1319
4878
1311
219
3760
165
2309
481
790
2055
2168
605
576
2875
4286
4804
4956
439
4675
895
382
817
4848
3300
3776
4454
1970
573
4751
3620
2322
4807
714
2247
4158
4664
1354
1949
4916
1584
1200
305
493
4803
565
4488
884
4385
4227
767
3977
4070
4745
4231
3988
1313
4860
151
2658
509
1143
4184
4797
4160
426
2551
824
352
1617
2207
342
4526
663
3173
495
3717
4933
4519
1189
490
1355
4991
854
4570
3822
1275
4213
1732
1378
1149
3392
3896
2647
3750
4212
11
4447
4437
687
1352
661
1079
4167
3819
2116
1474
3922
3267
540
3847
830
4033
571
1268
4535
795
4729
2341
4189
4657
2049
3742
675
4578
3888
531
4005
4172
4666
3135
706
417
98
7
2343
4606
3872
2056
216
639
4650
8
1019
691
1562
2517
4778
335
3858
745
1216
4776
4596
400
4394
474
3043
602
1342
4310
653
390
2196
4922
848
183
4652
4762
4593
2863
588
4439
4017
130
4645
1494
2701
642
176
471
1514
2622
4291
2858
3803
3579
2337
1005
1159
261
612
4181
517
1289
3440
721
1394
2243
1416
4263
2745
3090
3848
120
4250
3116
4513
2080
3296
3738
599
719
1323
1781
4670
4491
1667
4847
294
2501
4892
308
4324
2068
1603
4654
4874
332
4423
4514
832
388
676
2161
630
4384
2744
1561
4549
713
220
2588
4875
628
2375
3244
4307
4244
4961
1895
4489
4217
3467
4904
3995
4357
4379
203
4301
4868
3814
1362
1269
4123
606
2505
328
4949
2696
4655
244
4676
4419
1850
260
2059
2722
4435
2938
4614
1277
957
839
757
1794
555
4463
301
369
4555
2355
4198
4708
172
638
100
3520
2562
4373
869
226
2452
4395
4414
2973
377
4144
4964
3001
2423
4474
1168
345
797
2282
1160
1215
451
4662
4206
3676
574
4834
4813
2573
1288
3801
483
1641
4901
4777
3492
732
3306
4194
3767
1614
4621
2490
4147
1264
1285
914
4140
145
2533
4289
4299
1377
4667
4048
820
185
1205
3624
4429
2395
1530
398
1382
3321
4101
1180
3737
528
1854
1346
896
4267
4881
4155
709
2144
304
674
4100
2418
3764
3035
593
2306
366
477
1312
834
1609
1131
777
4672
981
1206
750
2074
1221
1212
1090
4790
2245
2699
2448
1167
1210
3740
4481
2225
4073
3926
4082
157
742
4774
4496
3387
3643
3653
532
4130
1176
491
3011
4317
1117
4177
1112
4105
4505
940
3628
3346
4380
4092
1034
409
3917
1214
1195
1265
1199
1977
2394
1197
4448
4410
4060
166
3937
2646
3905
587
3903
4188
4832
1328
374
278
4441
4553
1135
1422
468
4618
1242
4536
2115
3238
4709
4780
4733
4224
2187
2984
3438
450
3640
4063
577
1327
2272
4899
4928
4475
267
4742
4191
731
1254
4218
4440
1818
4591
277
297
3946
4284
3726
882
2781
2896
1105
737
4254
413
4243
113
3940
4023
1360
4247
4595
1727
4825
650
4605
845
878
4851
4566
2263
4806
919
341
2491
2154
4032
2611
1437
3744
4274
870
2802
2278
1426
2361
4348
4391
688
1767
4528
4093
2933
1041
4691
3532
4857
835
3178
2796
4269
2680
4341
851
821
2616
215
617
1062
904
4182
1283
3867
4007
1020
3153
1576
4387
4865
3942
4897
4300
598
1279
735
3593
4152
4561
4021
4554
4258
558
3428
618
3505
1385
527
911
4864
1270
2007
1375
4364
2436
3008
4613
3301
4162
4304
4022
4277
4639
760
4597
4581
2151
3851
485
3490
4479
289
1267
3958
4863
3605
1011
3261
1334
475
3122
4151
3943
355
4401
4741
1165
1628
4608
3980
3954
862
1859
1186
3293
3871
4898
627
3535
4893
2284
3887
4610
3252
3875
2671
4292
4504
340
3769
410
833
3010
748
240
3866
4321
236
4183
1030
4529
4871
4164
1107
4273
2209
158
4769
2141
4361
702
3720
4977
4204
2162
3298
3096
4089
171
3973
4252
1322
4091
4171
842
4557
3985
993
4066
1038
154
204
3482
3226
3879
621
1150
1248
112
523
4926
623
2808
4615
695
3102
4957
1305
2790
3093
641
569
1223
4473
4404
1510
1047
2492
4766
265
3796
480
3882
4424
1832
690
2126
4822
2094
841
223
4955
2447
462
1340
1508
1739
3935
4967
45
637
3083
807
2370
213
646
2540
2496
751
554
4311
4789
4306
314
4625
2454
4682
643
3445
4079
1095
457
4308
2706
4106
1861
4533
526
552
4563
4824
2003
880
3963
4552
1120
4142
2381
774
4624
4393
188
1013
1173
4940
454
4058
285
4887
718
4507
1273
4071
4330
3437
2050
1755
3775
1886
428
3797
1682
4779
4019
4209
3098
647
1866
1808
1402
333
4076
4186
4556
180
2597
421
1190
4798
583
4634
4760
765
1233
4540
4642
4196
1094
2143
1857
4038
4520
4843
3773
3349
1124
3702
3478
799
4855
3906
1263
645
3462
1080
607
1532
351
4726
759
4794
2262
291
2882
4992
62
1501
3974
1029
2558
4024
566
4867
4287
2293
3547
4583
4346
3966
4720
4734
4067
794
3925
1116
1097
827
2884
161
4635
1570
4687
4235
1051
4858
4103
1700
1400
4758
4931
4039
1769
1791
4681
1028
4713
3939
4973
1585
3792
2892
268
263
4885
4138
4433
3961
3021
4629
678
592
4381
3965
2688
4487
4954
997
2561
2489
3849
2260
3899
4607
2675
806
4712
2336
1365
2504
437
1162
1752
4942
3575
4846
1301
488
4934
4222
3991
2737
4715
4930
4970
3257
850
929
1137
4369
4658
109
3874
4886
4
4383
1310
1363
551
4465
4531
1353
4411
3817
3964
2089
505
543
1771
325
3313
1710
4877
2803
744
2053
1740
4836
874
2066
4413
1652
4588
1972
2635
4041
1123
3930
4320
1113
229
4828
2380
1231
243
575
4333
3794
235
1390
136
3804
881
3927
4959
1234
2109
448
1098
764
3893
717
4680
214
2712
1339
4335
1742
952
1100
1256
1860
3206
1146
2276
1602
698
3232
4968
2555
1557
455
4098
164
3752
3106
269
1644
4799
4582
1151
3513
2957
1075
4037
2118
4476
522
4358
1840
2608
178
625
818
1203
4770
885
2799
1903
1194
4077
3273
4748
2479
4527
3790
4469
4802
1367
4262
2626
4640
249
542
4408
3945
1952
4044
295
608
4205
634
4815
837
150
1081
3229
3952
48
1282
4127
4233
5009
3285
1689
3970
1553
3876
1063
4960
519
4166
648
4699
4259
595
2665
4452
2101
1372
486
2256
4895
1462
102
4428
3821
4820
4987
503
1676
4108
1171
387
4293
4471
1163
822
4461
2577
2138
4329
3421
3000
3929
15
1911
3097
2514
2296
3233
734
2676
4988
2902
33
4534
2917
1294
4443
1253
1448
2188
2684
1287
3140
1725
1357
4309
1706
2590
1299
2130
4641
1192
4325
3657
408
404
1469
3772
4279
1709
108
2644
580
193
889
4425
2909
776
3450
1545
903
4297
636
4009
2628
443
2870
1169
248
4494
3886
4170
1805
1184
545
3948
1307
2197
905
4882
2849
2512
4601
4665
4792
1556
4062
4081
2731
379
3994
772
4679
1793
3435
707
4245
21
4989
4328
3755
1297
264
693
1586
334
281
4905
3585
392
18
724
2921
4485
4338
1271
3193
4083
4210
2568
3307
3932
4451
4809
3455
2331
4276
4587
1870
3967
2524
1600
1333
3305
3086
1134
553
3224
479
4226
4870
4225
4283
3279
4663
3969
3272
2252
241
4148
482
3277
544
4420
1320
1292
3110
3508
3045
68
586
2392
681
2772
2964
2532
370
4719
4043
4392
1880
2844
1599
3838
1848
3704
1780
3810
4722
1803
4573
739
1738
3823
4221
1064
1697
3859
4402
1337
4880
3623
4356
1526
3413
1148
3399
460
2666
660
3020
2167
1872
4027
3784
323
4622
3290
3659
2739
4302
4814
4486
1295
1830
3747
1321
3689
1456
4363
5002
4278
4511
1969
4139
1054
363
209
2073
1007
2655
2995
3583
2589
1077
3251
4771
712
2515
4747
4415
441
4256
4888
4649
1347
2027
384
1306
4219
1309
2472
1274
319
16
4754
1103
144
2495
1240
4208
4464
4917
1924
3728
4223
4065
1843
1964
51
4585
2807
1290
4216
2885
4688
515
2627
197
4946
4397
76
1331
4889
564
2468
649
4669
4305
1387
932
3724
3824
1660
1650
3835
1993
2897
665
3920
2409
4684
2129
4704
4112
4589
2403
3050
1136
3625
2467
4783
1204
2618
4169
4340
811
28
1583
1595
4143
4767
2640
677
4493
2773
431
44
3105
4512
4643
1723
3552
1902
4427
2998
4025
1300
3442
429
95
581
222
4859
2989
4841
2315
3857
104
381
4179
1276
2164
1202
738
4085
4251
2672
1144
1364
148
4773
4626
4015
2609
819
4908
659
3754
4272
322
2079
4236
1084
562
3913
1968
3990
4801
4500
4630
3753
4087
2806
4000
1483
2823
4788
4837
3748
3231
2065
2344
3759
2445
4653
1432
2960
4690
1401
2968
4128
22
2864
3330
729
153
4239
2757
259
644
2277
1433
635
3501
2762
4403
4199
4532
4925
3791
600
4126
4943
4185
2557
1110
2075
2683
1942
5003
142
768
4723
4569
3207
1045
2899
177
844
1381
2303
1024
4303
4884
2358
1227
2500
3394
3606
1867
2743
2547
4480
3999
2951
156
31
2376
3959
2216
2128
3853
1161
1827
4787
524
238
1308
1022
4775
237
2449
3934
2758
2954
4808
931
4564
3572
427
2690
416
2013
356
3265
4107
715
3203
1592
3243
1731
4336
4810
3865
20
1568
1304
4651
270
4161
4016
2326
2975
3951
2890
4948
3179
4001
396
925
4362
2353
1852
3555
967
1391
2095
3715
4953
3557
2288
669
446
447
1406
3923
3443
1836
2506
2119
4265
147
442
4242
3502
2526
1626
2871
3040
3800
3091
4484
2005
2711
2416
4976
3344
2477
2224
578
4332
4472
1058
2754
470
2637
4812
2927
4844
1635
232
2060
3646
1421
1874
1998
1591
2695
496
1889
2955
1801
1715
1464
2120
2596
4075
4462
4323
1147
4294
3146
4132
4438
4725
54
2388
2289
4548
4088
2083
1958
3283
4545
1044
3133
500
4344
1179
3635
2980
1834
4351
4706
2259
2887
3134
2082
651
1989
1629
3611
4902
2709
512
373
3270
4721
1608
3150
4450
3418
2347
711
4993
1985
231
415
4736
3761
1575
3294
4202
2963
4468
894
673
773
2329
3412
3256
4707
3978
2591
2566
2730
579
4628
3042
2493
2146
4095
786
2931
2391
1925
1606
3510
2792
4562
2235
3187
1891
2548
378
1920
3850
3861
489
3420
414
3647
3568
529
1670
2714
1720
1106
1638
1868
1579
969
3912
218
920
3064
2320
2715
3390
1683
1937
596
438
2270
3843
101
2668
4175
3521
3368
2932
4551
1746
2750
4456
3281
696
3507
4078
3607
2446
3540
3177
3577
1071
2614
2847
863
3498
886
2340
2374
3082
2107
4064
1243
3441
626
1681
3361
3523
908
3254
4116
3725
2543
2677
2201
2366
1814
868
4701
2077
2854
1946
2751
3765
2893
3148
2318
2453
1621
1158
4422
253
2769
1057
2367
944
4869
2929
3538
913
2330
2234
2991
3573
1000
2903
3240
3129
2624
2649
912
2741
3210
1251
1959
3066
2974
3057
1455
2040
4909
1898
4207
2924
137
3166
2574
2941
2949
2253
3578
946
2651
2179
2734
1770
2458
1645
3006
2368
2704
3138
2441
1662
2096
3491
4929
2499
1734
4334
2662
2413
1424
2443
2726
2269
2134
2843
1049
152
2114
2891
5021
3525
2599
1809
3415
2554
1457
4045
2632
2487
4541
685
3473
3147
2541
1172
2569
1055
458
2383
3055
2011
924
3002
633
1971
2621
1142
1878
1032
3168
3367
1954
2008
3211
2673
968
2873
2498
3112
3217
2894
4327
3142
1369
3669
781
2981
2157
3962
2246
3223
2213
2149
1632
192
2158
2694
2940
3092
2193
3515
2465
2313
705
2378
1978
1747
2999
1468
1425
1806
3434
3479
1726
1088
2702
1856
411
3550
3560
945
990
2838
2254
2484
5016
1914
2189
1691
1881
4996
2656
2398
2223
3195
250
2321
1994
1624
2625
1631
1472
1775
3468
3551
2464
2417
3429
2855
3192
2789
1573
1904
935
3743
2742
2842
1260
5008
2212
2237
1571
3297
2145
2294
1634
966
3424
2363
3208
3517
2536
2832
1003
941
4784
3212
3186
3497
3439
2880
445
590
2698
2470
2956
2463
3049
2427
3164
1577
1906
1006
4502
254
2778
922
2935
1796
2139
3524
473
2756
2822
2721
2809
3516
3018
3250
4600
2764
359
2426
2014
1717
1666
2983
1762
159
2661
3576
1630
2959
3610
1014
2026
3182
3104
2883
3264
2072
1544
871
2062
2895
2298
4998
1699
1018
2002
1876
3541
346
2024
2210
3316
2987
1783
3972
339
3113
2652
2945
2659
3245
3476
3735
2036
3204
1922
3292
3911
1010
2064
2633
2312
1890
2687
2861
2455
1679
1229
2438
2697
1298
5010
1912
3103
2379
2127
3060
861
4791
4999
2851
4714
1819
2240
3170
2643
2264
2919
2623
3269
2528
4114
537
909
4935
1730
3119
2783
3069
1086
942
2901
2821
3080
1929
2135
3025
1753
1696
4972
1053
1864
3353
1931
3416
1979
3262
1154
2538
2214
3509
155
2324
948
2805
2063
1884
694
3870
866
3213
838
1765
2550
2419
3918
2356
2810
1407
182
1951
907
1646
3288
3449
1046
3268
5001
2544
3118
2553
2025
3663
937
1935
2765
2908
4400
2311
2430
2031
4963
906
1721
1582
2669
3380
867
2016
1139
3180
2112
2689
955
2204
984
1567
3230
3014
2904
1858
3127
92
1336
2415
1033
242
1757
3426
4975
3137
2364
2986
3419
3214
2266
1487
1052
4026
5022
1807
1647
973
2916
2121
3397
2537
2889
1408
2384
2729
3408
2431
1230
2801
2654
3032
893
2523
1760
864
2993
1450
5007
1564
2166
1751
1761
2872
2035
1612
2837
2565
1976
3561
3205
3360
657
1773
1908
3143
2220
2865
34
2087
2300
2354
1625
3582
3514
3149
2152
2408
2930
2766
2461
2946
2610
2033
1841
2219
1798
1842
3410
1839
2482
979
2377
3220
1948
1792
1673
4430
3163
2267
3041
2233
2184
3216
1678
2560
1569
2249
2299
2483
2169
2021
143
2462
2397
2852
3130
3046
1995
2685
1863
2023
2761
978
1950
1675
2990
2317
2200
1707
1674
2334
3470
1008
1800
1759
2352
923
205
4405
2503
2198
3436
810
766
194
4739
3528
1990
1837
4576
2091
2920
1597
1736
1896
918
915
2273
2382
2159
3200
2280
2323
1963
1687
4477
2279
3225
2950
4938
943
2767
3075
2776
4061
890
2117
1928
245
1960
3235
1915
72
2142
2287
3072
3466
2510
3486
2638
2613
2227
1893
5005
3302
1744
3144
2519
3471
1812
2521
3883
60
5000
1598
840
2900
2106
2422
3185
2469
1664
1471
1875
4118
2098
3051
2710
2522
1613
1980
230
2771
3480
2581
2028
1665
2400
2304
1639
5013
2866
3406
4014
1017
2481
2401
2178
1552
2171
3453
3289
239
3078
1716
977
1686
2716
2549
2071
383
3189
1101
954
3665
3543
376
2860
1910
3031
3457
2328
1651
2156
2977
1828
3219
2307
1961
190
3126
4731
3280
3249
1031
2316
857
2100
3255
2996
2848
1756
2420
3007
2474
3124
815
1637
1596
1849
2244
3167
1947
2603
3100
700
2451
1618
1917
160
2634
2988
3464
3033
1905
2218
1693
2876
1933
2835
2910
2878
353
1984
3589
2308
3458
1714
2349
2338
1897
310
1735
1907
3263
2131
974
2185
1991
1888
1711
1701
3599
2414
928
2226
4124
2856
4154
2839
1672
2242
5019
3123
2228
5018
3171
2586
1554
4995
2804
1913
1541
2994
3023
1048
1551
2552
2735
2719
4962
94
1622
3019
1138
1802
631
324
420
2373
2733
2664
2407
3183
2494
1548
3417
2736
2488
2867
1838
3553
1565
2915
1936
1589
2841
1999
2236
2615
2502
1566
791
2593
2620
2976
2535
3500
2748
2325
2600
567
2111
2030
3414
4994
2160
1941
1957
2052
64
3111
3165
1996
3160
2191
2703
3215
2440
2829
2017
962
3856
2248
1685
2868
2332
3304
2186
5020
3196
999
1016
1885
980
3029
3024
939
1831
2147
3125
4495
4749
989
2170
3278
1934
2784
961
2215
2460
3518
2406
2693
3366
898
2480
3431
2631
950
897
2265
2365
3274
2022
3495
3770
2411
1816
2432
2720
3071
3494
58
2604
2173
2636
2913
2084
2241
2692
2478
865
1590
4539
2906
1745
3221
2961
386
225
2780
859
2181
1894
1983
2812
208
5017
2947
1799
2029
1982
951
2301
4011
1257
1733
4907
1788
1611
4997
173
3530
936
2629
2037
1926
2511
2907
3239
2787
3363
2768
2825
1655
2831
3038
2345
1901
2335
3460
1811
2231
2230
3527
2305
2105
1690
2399
2516
3197
1643
2199
2942
3396
3336
1009
3120
3181
3564
2190
2700
3145
2718
1640
3432
1156
3191
971
2965
986
843
2798
2339
3562
1967
1713
2592
2148
2396
3099
234
983
2476
3037
1396
2194
965
1820
2928
3070
2939
960
2833
1821
3890
2969
1133
2774
3542
2205
2058
3511
2534
930
994
13
1986
1846
3013
2012
3141
1940
2006
2686
3291
1785
2595
2123
2663
2428
2670
2314
1636
3161
4981
3483
2723
3833
3044
3365
2797
2302
3519
1155
3531
3499
1580
2286
2238
115
2948
2862
2078
2261
2879
2103
1616
2641
2229
3003
2518
3282
3487
917
5014
3422
2527
3683
2546
947
1923
3512
2192
1722
703
123
3407
3400
2291
1981
2827
1826
1797
3266
2749
2828
3017
2222
2813
3444
3454
3115
4619
9
3395
1015
2097
3522
1578
560
1546
3175
3234
3868
3362
1002
847
926
2874
4990
2755
3085
5012
2777
1988
3496
1680
163
1844
3570
3054
3271
856
2444
2174
3048
1974
2678
3539
741
1593
3430
3061
3027
2125
2092
4781
1737
3228
1708
938
2393
2724
3162
3084
2057
1399
3608
2667
2820
3544
2132
3504
4119
3056
2775
2070
2713
5011
3533
988
2836
3247
3718
1043
3493
2914
2140
995
1070
916
959
2009
1262
2728
2594
1719
2952
2922
2251
1623
3190
168
3004
2208
1389
5004
424
1835
956
3451
2486
2707
1851
4543
2425
3475
2442
2475
3030
1772
3456
3506
2992
1395
958
2177
1397
3194
2102
2362
2877
3474
1615
3563
2275
2404
1705
2819
1661
2175
1688
3184
2826
1610
1692
992
2048
1059
3034
2607
3039
3156
3275
2085
364
2069
3107
3401
3565
2943
927
1939
2032
3489
2405
1695
3355
3446
2122
2061
4560
2473
2850
3068
2691
2746
998
3463
963
4018
184
1853
2509
1916
4146
3405
2257
3447
1315
2281
5006
2563
3152
4522
1492
2740
3227
3009
2421
1813
3028
2076
2708
3062
1748
2606
2172
2601
1588
970
996
4980
2333
2925
2911
2602
3556
3411
2217
1919
1953
1659
3218
2570
3052
982
2437
2525
2840
2387
1642
2818
2794
3566
3151
3128
3751
2459
3574
2410
891
3529
3286
852
36
2010
2682
3559
910
2211
2785
1966
3545
1604
949
1789
2385
3236
2508
2732
1056
1470
4285
2937
3409
2351
1855
2705
2520
3139
2054
4574
217
3089
2295
1921
3067
985
2612
3047
1484
2759
1992
2038
3059
2457
169
2997
2918
991
2137
2372
2857
3402
4121
3477
1932
1547
1833
3237
2926
1001
3403
2067
3077
2542
1619
1768
1671
3101
3172
1782
3938
3567
1741
1413
1663
2814
200
4862
3058
2824
3209
2389
3558
2845
2290
3481
3472
2869
1987
1042
2886
2039
2239
4795
2369
899
892
1465
2018
2285
953
2763
1728
3580
2971
2834
3065
3087
2531
3117
1188
1669
1096
1563
2752
3016
4036
3188
2195
3546
2429
3015
3155
3158
3026
2297
87
1943
3739
3485
1918
2093
1657
5015
1724
3452
3427
1236
2579
1754
2817
3469
2268
1973
987
1758
1099
114
