3338
3369
3339
1185
1065
3326
3373
3342
3325
3352
2043
1183
611
1480
1449
1466
3323
1453
1491
1411
1412
3354
3341
816
299
1429
1404
1403
1259
1427
1512
2045
320
1222
1145
1344
1418
1478
1157
3345
1252
828
1525
3328
3371
1358
330
521
394
201
3351
1409
3335
2044
3331
3334
504
347
1417
1473
375
2042
2041
461
1543
469
1522
199
3314
1447
1486
3388
1392
309
1527
2800
1459
59
3376
3347
88
80
124
1460
3154
1302
2046
42
327
393
1476
134
63
67
1784
1540
105
792
1516
118
1415
1489
41
55
5
1496
1419
2630
1325
106
32
1506
1507
1493
1348
349
1479
348
1490
3063
1436
3384
96
3318
3329
1529
1255
3309
548
2051
1485
1519
1122
502
1170
1423
1481
3350
655
466
1521
1444
1370
762
1825
2047
266
902
2645
1440
1499
632
2182
1862
384
1287
3324
311
535
3317
1774
873
3284
1475
876
1439
3375
1410
585
689
1458
1513
1040
3348
3337
1451
1505
1581
1509
1430
836
3379
2985
693
1174
380
2644
677
3393
3389
302
3153
3370
1952
29
1438
2161
338
3310
2094
658
682
783
2936
1452
1790
2533
652
805
74
778
2513
3332
2782
1930
1023
3340
3385
1454
2899
1572
1220
1955
1769
679
872
3073
3386
2183
1488
1861
1025
1694
46
2395
2881
1633
1141
1539
314
610
3178
884
1500
151
326
30
1012
2859
1448
329
298
2402
645
754
634
1213
1495
1542
964
536
2133
1511
3316
1437
344
3387
1698
1405
1763
1247
2007
312
371
3343
3273
1212
603
511
1196
1877
1682
3358
1847
740
1221
2180
487
1467
853
587
1093
436
1037
1755
534
427
3285
1300
343
319
553
1351
2099
465
3246
252
292
3364
2532
1039
900
1498
1482
746
1343
1502
2350
1278
2347
377
1175
846
629
1026
2795
761
3053
2958
389
824
1477
3428
2485
1182
1764
821
213
2539
2616
293
1237
2909
1130
2727
2884
755
690
1394
1830
435
2413
2888
206
1088
2221
1676
507
68
3136
3201
3132
2201
2770
1305
579
601
509
2944
1843
1067
232
704
10
512
1128
976
3226
1126
144
779
1334
368
261
336
2898
3372
1891
1497
2491
3301
419
317
3505
1121
914
1089
240
3258
1129
268
707
488
291
1786
1119
1462
1060
212
2555
589
156
1232
53
2188
395
1073
411
2471
3248
2296
392
1019
2452
919
241
1535
3293
113
256
845
2861
1494
1388
1103
3330
2681
2204
811
1035
2456
1866
27
1083
2346
650
1290
2496
3382
1684
2830
753
1306
2049
3306
1538
2551
819
2090
1270
1277
2267
489
2162
2497
1289
203
844
1110
1311
1070
868
696
173
1118
2074
2799
782
51
592
202
316
1332
1568
2518
133
909
367
3493
2892
1267
3056
3482
3437
1135
1681
537
760
180
2218
1117
1380
456
1446
1271
669
1004
1233
506
1113
3157
267
415
1750
3109
2080
2536
3462
2304
1504
249
1664
1752
455
1140
697
3315
1434
3123
2803
668
442
881
3508
1798
1562
862
1225
1628
2157
286
2507
1406
1793
1189
1143
3383
2971
3090
403
1865
1131
1961
3320
2853
788
1653
1240
2280
1074
3105
3356
2412
463
905
1860
636
1383
711
139
1483
2998
1272
1421
2200
2938
1243
1617
695
702
1517
1159
2622
1560
888
2701
388
1414
1658
3008
226
2418
325
1903
1326
944
1215
278
895
1197
1584
639
165
280
3244
1205
1051
1710
578
1293
1805
1321
1644
1285
543
565
3235
328
2559
1379
939
875
1856
3459
2975
795
600
638
1546
809
649
1649
2654
1704
2828
715
431
2293
3346
2704
1256
1669
1650
148
1339
3062
1149
2505
1604
1038
1320
2387
1732
3229
482
1874
1757
2253
2353
440
2753
3174
3378
1361
577
1054
1005
1583
777
1857
2722
660
1151
798
1187
1545
445
570
1696
248
370
121
635
3110
2086
1393
188
1818
1226
1201
1239
98
1654
3019
3423
1518
2769
2380
879
413
2886
2897
1832
854
759
2436
3302
2626
2226
813
1160
1859
1435
1275
1911
2138
171
1047
1870
3491
2896
3391
2818
2598
2248
1099
834
2588
767
372
274
218
2489
2439
2664
748
185
957
112
334
2566
170
726
254
17
1137
1868
2876
886
2842
2089
2450
3392
1929
2146
273
692
642
1794
3252
158
154
2260
2744
3021
1585
2085
2143
799
464
1785
775
2839
2571
800
210
233
399
1510
3311
3390
3173
2477
86
3409
2858
2056
737
14
1589
396
2684
2597
522
1621
1689
774
2962
1208
1541
2152
460
2032
2666
3269
831
2176
1097
1340
341
1166
1022
1515
2624
84
227
110
2294
1767
1283
814
1936
3214
701
524
529
1615
186
2151
145
3467
1355
3216
1441
885
2449
2250
770
181
531
818
1176
321
126
1772
2232
1265
447
16
1207
1549
3238
743
1702
880
3272
1132
3450
1487
595
1601
2709
1637
3060
2110
1095
44
1034
618
1280
1359
104
676
400
1228
1565
1848
229
633
1173
2357
140
2030
2255
1897
446
428
1268
219
3359
1555
136
47
708
2328
479
1021
867
2356
235
220
3402
2589
829
3180
3113
1665
1366
417
2480
1895
1284
713
2106
793
685
1181
345
1299
281
607
1373
1655
3035
1576
1514
1693
508
2060
933
135
2059
335
1461
1670
1148
3296
3081
307
1829
1029
1648
2774
2820
1639
1656
2336
2986
1020
2619
894
3002
830
1426
57
90
290
1322
3476
2068
1014
630
833
1136
1671
1587
2116
3357
1274
3176
1190
2567
122
736
940
2394
1075
530
3049
541
1120
2291
751
849
2563
1286
1771
2912
358
2012
99
174
965
167
1397
815
119
691
127
556
2231
1123
3074
2558
1350
2802
1134
1303
257
2247
3498
2746
2262
1609
2031
26
2102
1544
1050
2126
480
179
83
2359
109
1301
4895
282
2679
402
275
289
2786
467
2153
1241
2565
1968
1063
279
2108
518
1570
4
1605
2747
1318
2435
1214
1845
1416
1558
2514
3129
1068
2073
264
904
301
3158
69
739
731
2793
1114
35
385
1536
785
3319
569
681
3005
1186
3064
3206
927
3267
581
769
2994
1420
614
3435
3069
448
714
2342
2543
2960
822
128
1869
615
1024
81
1328
790
1013
39
2816
721
1331
56
975
1401
1092
1508
340
1808
1254
1795
183
437
300
1667
3061
2635
66
3001
1
2794
209
1905
796
102
1723
2399
562
2282
2731
2812
2333
1312
784
1849
625
1104
1706
501
2953
3307
409
1626
1244
2561
1634
130
117
687
2193
1111
1100
2168
2976
1327
1231
1210
720
138
2361
1279
1995
3478
1041
1822
3299
2470
675
1352
108
2957
485
3022
2002
1342
918
1084
2556
43
2819
390
2982
45
2120
3381
3322
2779
717
1422
498
619
2053
1087
1900
3265
1920
3182
2206
3264
3327
517
1824
418
2271
2609
1162
1679
712
2447
78
1823
1718
776
2605
2131
3233
352
2586
2653
671
789
1238
542
2572
2617
812
116
3277
949
1330
3193
2454
910
129
2340
1701
3243
176
1198
2500
77
1402
1202
1879
1643
3308
2641
2978
2187
2360
2263
2974
2592
223
271
3122
1855
260
101
18
1081
2326
1948
2274
597
131
1873
1356
989
858
555
1622
1246
2730
1308
626
1314
1553
734
1531
215
414
2788
771
50
1463
538
1390
1200
2000
2117
1523
688
2737
70
3010
1532
1085
21
421
2877
2331
303
2669
2259
1178
2272
378
745
1727
2050
1258
1443
475
1316
2325
1894
37
2279
1124
3059
1431
499
787
3287
609
304
586
1375
73
1779
1563
2562
719
1061
3303
738
686
2980
243
1127
794
1916
97
2792
2341
2364
921
2179
2569
103
566
572
716
3349
2672
656
486
3675
3488
3440
3396
852
38
5013
557
1354
616
3026
451
1611
2639
532
651
1969
807
2422
2433
1899
147
1556
2725
3472
1445
2758
2292
247
306
224
599
2712
2295
379
623
161
1282
563
3079
1924
627
8
458
4922
3116
670
2367
1294
2849
272
89
132
3237
1362
1382
1739
3433
3646
2113
3321
2934
1627
374
3263
1571
3413
1984
1574
1557
3361
3312
2424
1227
580
4986
2585
1567
62
2511
3465
728
71
3106
2578
803
3448
801
2415
2445
1378
3
1501
4115
1602
503
1844
3289
1188
1115
318
3107
79
3121
1526
1645
2690
1942
1777
2373
928
1715
288
1219
1524
2369
628
878
901
1983
19
3557
727
568
3398
3076
2894
1172
546
2573
3738
550
1893
3094
1147
4743
52
1620
1249
1949
606
903
1840
4411
3624
3492
2680
1263
952
2081
444
387
2212
4801
3647
732
2702
2377
3313
153
3198
2706
3995
7
4727
3217
462
1199
2576
4006
1768
221
490
2297
934
75
4256
1867
1455
519
4453
763
3439
1854
2284
1607
111
1002
723
4569
423
640
672
4734
4821
3772
3205
2973
653
2815
3782
294
2908
4013
2375
4330
4179
1335
4405
4836
1317
1082
2064
646
2540
360
2675
2867
3760
4206
733
4989
470
2119
25
3475
4512
564
228
295
1889
3963
2723
1242
439
166
4350
1960
5008
4051
198
637
1010
1883
1028
2300
1744
1217
2765
2256
2503
3169
3674
1400
4455
2334
820
4787
354
3794
705
2385
1938
2386
1714
2618
85
1630
1875
1171
2628
2264
204
920
4155
3982
3286
2784
860
1194
2105
2163
3639
2574
4730
433
4279
2315
3992
804
680
4399
2214
82
3975
3162
4382
4982
2065
2708
3805
61
1098
2473
4802
855
4728
4283
1464
954
5002
350
3976
2649
659
1912
1319
850
906
1721
2396
333
4740
3673
1674
2611
2327
4431
4141
4274
1384
3126
2584
2407
2692
3036
4726
3865
3697
3875
3654
4832
4278
91
4759
4177
477
276
4290
4109
4595
4401
4169
4373
2372
1492
4979
911
4755
3833
1705
1597
547
3840
1566
4020
3652
4122
1036
4444
3518
3194
806
1586
2860
2313
426
422
2891
4655
3227
1810
401
2172
3677
1534
4454
1432
4933
3333
2020
1743
2408
1266
3223
1365
4934
3256
4991
1264
1616
1338
3775
4215
4460
3526
3774
2174
4092
2371
1324
505
3802
3420
4250
3101
1959
4285
4627
3427
3745
2465
4795
3144
4647
984
3937
2242
3232
3746
3473
1049
593
3625
296
4161
1803
3973
1872
2115
4688
4067
2167
3563
2991
3944
2751
4443
4732
2211
4478
4154
773
913
2961
4605
76
1297
2595
93
4157
2337
4846
4698
1896
2988
4441
1109
896
4043
1209
1646
3432
1577
967
1177
3734
2527
4091
2235
3195
4055
4349
2748
525
3447
4921
1408
2602
4345
2137
1880
3048
3260
1992
3585
2870
4589
2935
4580
222
823
3469
612
4543
2025
3687
1909
3591
1304
3869
1206
4791
959
4564
3829
2773
359
4088
178
4041
3788
322
2517
2791
4173
1725
492
3750
3086
342
4016
2362
2004
4617
4885
3041
4654
4014
2307
2196
4037
832
722
1599
1164
3819
3881
4468
1745
2461
2945
4459
3165
994
4493
549
2560
3566
3453
4354
2005
2929
925
2728
1107
3406
4421
2901
476
3988
907
1966
3594
4388
4624
4720
2087
1345
4137
663
4677
4867
4760
4681
3699
4633
2425
4850
4653
4738
839
2766
4789
969
297
3638
3830
4822
194
4335
3197
4261
164
3894
2311
3713
4119
2966
4756
3454
2114
2700
1871
2579
4556
2213
484
1333
2949
4076
980
2277
1999
4485
1947
1807
2216
840
2420
1988
115
2127
3634
4929
2843
1399
4339
4463
1484
473
4243
2243
2951
4694
497
1027
3719
4098
424
987
4183
837
4707
3290
2965
3908
4591
1588
4898
2063
2829
3969
58
4537
1204
3536
500
4429
3809
2688
2310
3700
4774
3744
1695
3912
3120
441
1442
3885
4841
4166
1735
3355
4663
1066
4506
1781
3446
474
1376
4603
2302
3990
706
4516
1078
2964
1192
3500
3884
3620
3295
1580
742
4576
1987
3412
305
3181
2614
1783
4987
3003
1638
3729
3141
558
3434
4596
3671
4233
4176
94
1766
3425
4066
2072
1413
1168
4906
4764
355
2404
2301
4227
4499
1218
3943
4475
432
2687
654
1931
2490
3727
3925
3803
4502
3380
912
3985
4937
4298
3266
2676
4807
1738
434
3360
4242
3777
2008
4125
1612
2001
262
4712
3127
163
2165
1821
3042
2166
4359
2866
3175
3344
1058
3222
2871
4790
3568
4063
2217
2530
1425
665
4620
1053
923
1827
4601
397
2021
3038
3517
4703
13
4552
3942
3955
1052
2918
3294
2189
2178
3816
2306
4167
2192
2502
3628
3592
3964
3619
1046
4792
2323
3549
3929
3545
4058
365
1678
2118
4754
1369
1528
3603
4710
2826
3999
2633
3133
1884
4538
443
3471
4661
2710
4837
4635
4271
4868
2186
3850
2149
3037
4517
4840
3553
4124
3903
2796
2403
942
4420
2541
4004
3283
3164
1796
2493
3146
3163
2411
1770
1372
1927
1139
4816
3054
3530
3662
3902
3236
1914
3776
3930
735
0
1062
841
1547
4246
997
3974
1296
1216
4338
1385
527
2984
3927
930
4829
4144
4303
493
2848
3827
1001
2035
3684
4086
3593
1590
4045
2039
2548
3336
4267
3983
4950
1163
2760
494
3565
4628
4466
3031
430
2132
2885
4902
4722
5010
4365
4275
1165
2880
3923
3615
5020
4181
1673
2144
4910
924
4600
3004
2160
3613
1691
4670
3972
1341
2831
3424
2995
3780
4268
3915
996
4592
1055
2281
4318
4196
3033
1835
4870
3871
265
1998
4296
2599
157
1975
3114
2501
4532
1105
3510
2234
729
3298
3813
3520
2821
3539
3411
4458
2883
4229
3981
4165
2809
4381
1592
4427
3733
2446
4660
361
1809
1994
4081
2440
1816
2155
3642
2590
4683
4615
810
2717
4931
4424
3645
2526
4848
4094
3208
471
4218
2930
4096
3043
2524
1811
2026
3848
838
4426
2862
3261
3445
4164
1746
3017
3940
4433
4642
1632
3660
1007
4704
4907
2037
2066
2627
3616
1957
4518
2903
4827
4897
1624
2222
4390
3407
4674
3906
4523
2764
3451
1537
2663
2805
1901
3710
1892
3542
3702
3589
1457
4065
4757
978
4676
4944
3596
2494
2947
3872
2378
3716
3374
3838
4796
4513
2482
4284
4741
4959
1551
2547
4689
4403
1150
3935
1594
1273
250
3224
3621
1468
2479
4046
4847
4259
287
3481
1985
2776
4779
1990
3480
2721
4126
4970
4507
2703
2227
4824
935
571
332
3607
2468
351
2273
4568
189
863
3544
2987
3892
4505
602
3883
2208
2671
3399
3257
584
936
3749
142
4384
960
481
2384
3241
4031
4781
4492
3522
2993
4007
4637
4029
4404
3097
4351
3463
3045
866
3006
2521
4323
1971
1142
4207
2052
947
2351
2615
1921
758
3513
3721
2451
4293
146
4216
797
4797
4009
576
825
4751
2067
4438
3533
4833
4440
2019
3670
2783
2486
2014
3044
4184
2516
2610
3947
1813
184
3578
4805
2318
3570
4917
2335
1582
4234
1006
1076
3640
4435
948
1156
3846
4467
2469
3751
2077
1933
977
1659
4621
4103
3861
2647
4107
4853
4856
3367
383
2928
955
3426
3789
2754
4767
3822
657
107
1780
3657
3515
2190
31
4920
1161
4641
4192
4344
3799
3543
1954
420
2698
160
2317
3474
848
1550
2832
2207
2423
3836
4079
3804
2646
2554
4497
4280
3212
4331
1761
1685
2498
4253
2492
2528
4996
2405
1734
1169
1970
4504
1465
4273
4878
2145
3717
4394
4886
4374
2989
1033
2257
3456
2587
2582
2757
3637
1978
4546
575
3046
2954
3680
4213
234
4890
4968
4304
2123
1729
1742
3842
1548
4324
4565
3970
4417
3262
4842
1203
3611
2474
5009
3460
744
457
1552
2931
1146
2276
4366
1741
2164
1976
3598
1474
4879
4725
3125
1934
3168
877
4200
3516
3588
346
2525
2531
2349
1852
172
2409
4971
2159
4281
724
2756
177
4073
3743
4000
429
4534
4612
3873
4714
3075
3605
2570
2620
4540
973
4469
2329
4254
4935
4503
3057
2667
2673
4927
6
4693
1787
1116
4151
2552
3270
694
4219
582
3509
962
3055
3604
3485
2288
4302
3945
2612
4093
2817
3014
362
4545
709
730
2321
3994
125
4248
594
4452
3247
3868
3956
3889
3965
2229
253
2933
3706
4599
1154
4294
1946
3527
3845
2134
4198
1788
4680
4763
1728
514
3891
3479
3962
4408
2463
559
382
3562
1180
1056
3207
4018
3732
2478
4988
2902
33
191
4578
1751
1395
4322
3050
3807
3857
2977
1973
4904
4410
3630
3377
4803
4800
3918
1917
1981
591
3525
1668
1262
4561
892
2316
4168
667
1261
4838
3870
2874
3159
5022
4770
2607
4194
2195
4147
4930
3124
4378
3839
4068
4574
3741
3070
3166
3013
4170
1885
1184
596
1956
3864
1663
4866
4276
3841
3550
4245
1101
2515
65
1996
195
2887
974
2564
496
3950
3685
4012
1309
2739
4249
1716
4436
4085
4367
4386
231
2252
4175
3072
175
3098
2054
1251
3418
4097
3397
3501
4140
2893
4263
3218
2972
4748
4265
1195
2601
4288
3904
2508
1940
2382
4729
251
3855
1652
4308
3499
3547
2811
4418
3230
3068
1636
780
2027
3858
4496
3909
4139
2686
943
3275
2499
3648
1595
2139
1864
4116
4742
4160
4657
3444
3528
269
3649
4315
4900
3561
1812
4044
2875
4719
1009
2608
438
2806
3552
2130
2299
598
2441
3659
4708
1703
2763
945
3171
1908
781
3200
1697
4150
4299
11
3191
3623
3443
887
3221
2061
2079
4925
2840
1964
3757
2632
1593
3151
3795
3821
323
3240
2018
4313
4772
3524
4486
4881
1295
2979
4844
4445
4054
2655
3172
3931
2504
205
2096
3534
2685
3818
1888
364
244
3631
3791
890
216
3692
3251
1906
4163
4723
2100
3977
4631
552
1789
3708
255
3231
1625
2856
2740
2652
2656
2472
2921
4525
4936
3991
3968
449
4613
2434
4990
528
2266
1951
3138
4869
2732
1759
2366
2807
3790
2787
4202
2376
4839
3924
1935
3792
4946
2269
4609
4672
883
2771
4828
3643
2729
4400
621
4845
4409
4812
4687
4415
2761
3024
1826
2397
3941
2762
4798
2720
3960
3211
2254
4060
2109
1003
1640
4593
4027
3142
4225
4471
4032
28
3837
1989
2097
2955
406
2693
1904
4855
4300
4761
2448
4769
4814
284
4236
3921
4210
4651
4776
2319
1310
1619
3067
3890
3691
1112
2358
3996
64
2549
2733
2136
4224
2154
3844
4701
1736
1887
985
3879
893
4685
3242
1260
4626
4015
2215
1091
662
2623
4048
4101
4908
4834
647
747
3600
4142
4679
908
765
1298
162
931
4108
2697
3000
2736
2388
3773
684
3523
4397
2344
4220
2911
4916
2613
3867
4383
4981
3763
1719
4071
4551
2238
2970
3897
4185
4239
3826
4241
3682
4362
1059
2534
4075
648
3898
4396
1753
3254
4005
4389
4334
916
1635
4533
3429
4019
3519
4232
3576
3905
871
3712
4311
4646
4854
2648
2432
2889
2814
2185
4888
1687
4715
1647
3215
3394
404
1108
2743
2937
4480
4793
2103
2457
3724
3817
2437
324
4963
5016
4577
2948
3579
4785
238
3365
2150
3574
4926
4969
1709
315
4136
3131
2695
3572
2287
1831
4346
416
3511
4666
826
1144
2237
4717
4558
2523
3093
120
4736
4282
20
4700
4127
2466
1913
4780
1722
4021
149
3769
4180
4948
2742
1030
2810
979
1828
3416
4611
4035
3936
4309
2121
2191
1726
4511
114
2845
4355
699
4292
4343
970
4131
3458
972
95
72
1747
4353
741
986
4191
1801
3040
4616
842
1631
961
4871
882
4939
4995
1336
2104
3514
4808
4332
4327
4087
2625
4325
3009
843
951
3779
246
2804
3806
1804
4903
2919
3622
4484
2659
1428
3551
641
2365
3831
3449
3740
993
4563
4788
526
3477
4806
3932
2696
2914
1642
3184
1561
1791
988
4187
3766
3052
3186
4673
1863
381
4024
2920
3824
2417
4766
3635
4664
3149
230
23
4074
2640
4528
750
4114
1641
1986
4069
4940
2078
4089
4182
4659
4874
1608
3150
666
3632
4084
3494
4416
929
3405
2024
1167
4030
1878
5000
3971
1982
1819
1651
1349
2538
3155
4231
225
1881
310
3689
2075
4321
3669
3934
998
2071
1886
2312
3228
932
1662
4883
4652
2759
3483
3797
4607
2198
2462
2660
3610
2808
2476
1235
4118
605
398
2324
4914
4195
373
4665
513
5017
772
2835
1708
339
4289
1096
3104
4884
3535
1778
4573
2969
1683
4911
3656
2244
1967
2927
2286
3422
4737
4262
2175
3966
3765
2512
3919
4632
2057
3688
4457
2967
2981
4799
3877
4377
1876
4314
4372
2677
4419
4356
4319
1389
2343
3082
3099
4983
2038
561
2339
4549
4650
1573
4312
1569
2040
1152
3933
617
2997
4153
3521
1814
3608
4214
3468
2223
3189
1530
2836
4247
515
2205
917
3770
3812
4951
4422
2107
3078
4964
2872
1666
3820
3538
4943
2220
3599
4882
4132
3573
3213
3274
4918
963
749
1211
3268
3629
4307
995
1381
1018
4047
4746
4100
54
4237
3860
4221
4251
4152
3291
1731
3196
4692
1839
946
2651
2455
4145
573
3754
950
4008
4817
3723
2890
3825
2833
4510
1363
1677
4272
4461
4786
851
4306
4662
2726
4070
4361
263
1229
2542
3655
1456
3083
4317
4434
3461
2298
3016
2202
2033
3245
1699
2798
4913
3948
4287
4581
3683
5005
2568
1907
2596
2383
3602
3663
3986
1939
369
2438
12
3690
3967
560
4472
2844
4973
4106
2140
1817
968
4975
856
1579
3926
4965
211
3626
4524
3085
1598
3417
242
3253
520
4972
4387
3119
1559
4286
4713
4718
4875
859
478
4514
4956
3771
3408
4462
3852
4385
710
3210
1806
2557
3421
1675
3696
2506
3612
4255
3617
2643
3959
2661
2855
4050
2028
3400
1922
1094
4522
4984
1191
4430
2837
3047
817
1424
937
4062
3668
2129
3761
1618
2009
4034
827
3292
544
1292
2363
2865
3587
4112
3032
4820
698
2088
4017
4519
4028
4985
2233
4976
590
1257
3911
2621
966
4428
1313
2963
3487
4527
3796
182
1749
3219
2707
2308
2010
1837
2258
2778
40
4695
2141
2400
4572
2637
407
3305
4777
2239
4252
4301
1276
4329
2036
1155
4212
4310
2428
2772
4111
4500
2825
2345
4211
4675
2577
3540
545
1016
2738
3705
1090
1926
1600
4129
4765
4992
2863
2309
808
3288
2915
2062
4752
4342
277
3140
4393
1364
1377
4039
2718
2905
3128
1471
283
3730
3801
3880
1353
4402
3147
1963
3281
259
2406
1762
2270
4583
1776
2484
3781
2691
2745
1077
4052
1391
4011
3698
2519
4316
3784
2904
3430
4483
4146
2381
2767
152
4586
4899
4370
3815
3103
2379
4508
4371
4064
4205
4357
2322
353
2629
3694
4057
2956
2431
4188
4893
4811
270
3531
1950
4938
4134
1730
1834
4953
4053
2907
4962
2522
3117
2430
4535
764
4608
4872
4804
3882
4297
2925
3353
620
3888
1979
3958
588
3731
3847
3737
3502
1945
4784
2171
4582
1281
2
453
1138
190
2715
2197
2878
1575
2852
3767
4025
4809
4924
495
3282
159
1944
3949
3028
4042
4204
5001
2544
4061
3614
4928
2895
1371
3907
4544
3664
245
4117
3023
516
2864
3577
4896
4326
36
3910
3541
2016
2209
1469
674
2735
2682
4149
4901
3609
4618
3187
3672
4997
1991
92
3597
2354
2092
258
3020
2199
4364
491
1367
3503
3419
2426
3071
4341
2694
3529
3441
4749
1717
4395
3554
2922
3735
3569
4993
2368
3681
4955
3928
331
523
3703
4709
4571
483
5006
408
3922
4588
1591
683
3876
1564
2398
766
2410
4858
3100
941
3752
3736
3586
1711
4686
452
4815
1253
1223
4269
4547
2662
2926
4782
4905
661
4135
4753
2593
4745
2606
4915
2330
3728
3808
4721
2968
4739
4942
4026
2923
1603
4630
4266
4526
3199
3725
4669
4473
2917
4446
4481
2983
3679
1941
2184
1882
3917
1980
4368
2249
3183
2225
2169
1234
1890
4758
703
4465
4264
567
1740
1838
143
2023
2483
468
1071
4474
4702
554
2546
1707
4614
4494
2240
1008
1800
3978
1841
2650
2015
3661
1853
5004
1928
2098
3618
2781
1000
4476
2916
4425
2251
2091
3202
3859
1943
4143
3581
2711
4610
4648
3720
2603
4270
4228
1802
3584
3900
4423
1799
3457
4291
1472
357
4711
4190
4033
3961
4128
3559
1993
4193
1842
768
2338
4447
4379
2535
981
376
1748
3486
2638
1672
865
583
2789
3742
3938
1307
2111
3025
4919
2657
196
60
2093
1346
3979
4667
2550
2374
3185
3913
2841
3497
3276
3676
285
2414
2719
3693
1613
4849
2083
4887
1858
4398
4295
1833
2950
4863
150
664
3650
3362
3088
2750
1387
3179
2401
4102
4570
4810
4358
3304
643
4696
4515
3414
2797
2716
4724
4960
1623
2124
2228
2156
1357
4909
2352
2642
3134
3532
187
1193
2224
3748
3582
2416
4226
4894
2101
1661
3641
4244
3436
1918
3726
1031
4735
857
2142
2665
472
4587
1756
3718
4678
3537
4104
197
4113
1596
897
4347
3167
1760
4509
3666
1288
2910
4489
4464
4579
4843
2724
2882
3278
3160
2510
2495
4645
4448
3896
1153
2520
4656
1269
2581
3834
1792
2879
3279
3135
2278
2634
2029
4320
4825
1291
5011
3899
236
5021
2275
4559
454
3759
3018
3711
4691
4958
2488
208
725
4602
3512
4954
3091
3756
3404
2459
3027
3595
3255
3856
3548
2780
622
1048
1850
3555
3466
2443
2734
4439
551
2391
2946
624
3118
4531
2210
217
3108
3914
1069
4731
2851
2458
3954
4479
3887
2135
4892
3989
3878
4159
2854
3034
2261
4277
1011
4488
3259
4947
4010
2289
2392
4775
2790
4658
4120
2775
4199
4333
4186
2785
4999
4994
3470
1820
4056
2194
4049
3111
4539
5012
3786
4352
4203
4201
718
1433
2017
4077
4977
4490
2749
2713
915
2419
4260
4072
991
2932
700
2082
4831
2741
1064
137
3442
2147
4864
4495
1360
4876
2170
3893
2475
1962
4941
3192
1851
2591
4376
2095
49
898
4442
4148
3438
1953
3764
2265
2952
2689
1017
3495
922
2460
4744
1250
2084
2868
2942
983
3148
3490
926
2913
4083
239
4038
4530
4095
3139
4557
2906
2003
1224
100
386
631
2509
22
2181
4705
4912
4002
4217
3665
3546
3849
1836
4340
847
1032
992
3058
2158
1773
574
2924
2421
4716
3658
3653
4156
1533
870
1044
3984
3239
990
2236
2668
4555
4852
2076
3077
4747
2320
2006
3190
3895
3866
3143
4482
123
2241
2996
1407
3455
4099
3633
3484
2112
1368
4671
757
1057
3564
450
2058
3145
4945
3092
4830
2245
1958
4541
3814
4040
4957
3798
1337
752
366
1713
3203
1720
3939
4240
1396
4437
1754
2011
2055
2636
4961
4059
2332
1765
1680
869
459
3916
4998
678
3051
3993
3152
3854
1315
4536
391
1043
3590
4375
4690
1106
2755
3980
4336
3998
1937
4360
1782
2940
3644
4078
4432
4521
2670
4487
1086
3161
3843
3946
4862
4880
4123
2583
539
2481
4178
4023
4606
1450
4966
4768
2529
207
4174
1045
4328
4643
4923
1974
1737
3853
4550
1797
2683
4121
2838
4594
5014
4636
4877
1042
4682
3810
4133
3280
2128
237
2959
168
3011
3007
141
3112
3225
3753
2900
363
4575
2813
540
5019
4949
4158
3066
4819
3115
4619
9
3395
604
4771
3851
1578
4560
1245
4974
1660
673
4706
4851
4090
2941
2314
2990
4865
2219
608
4639
3575
3783
4450
3701
3715
4794
3811
3102
2801
3177
2846
4110
1815
2678
15
4697
1902
1923
3920
889
2230
3952
3636
405
169
3204
938
2393
4392
4130
3012
1919
3250
891
999
4498
4826
4380
3504
3095
3209
1997
2070
1398
2303
2305
1230
802
4529
4414
4189
4257
4873
3709
2442
3080
3571
4554
5003
3828
2992
2594
3015
410
3556
3297
4138
3300
4640
613
4783
2823
4553
3832
4562
2355
412
4501
3560
3997
3029
4857
2444
2467
2022
193
2246
2427
3506
4861
2699
958
4567
2283
3137
1079
308
4348
2873
4629
1329
4750
2034
1733
3431
4952
4363
3271
4590
3410
3606
1692
192
2537
4634
3507
4208
3039
3156
3415
3363
4003
2069
971
3401
1690
2943
3496
3762
1520
3489
510
4762
2631
4235
2122
1775
214
1972
3874
2173
4451
356
2768
2714
2203
2125
1133
3953
2013
864
786
4649
835
2048
4932
4407
3084
4230
4391
3951
1374
2822
4699
3901
3170
4412
4585
2827
4889
1248
3065
4105
1015
3030
4773
4622
1915
3768
4171
3249
24
4022
4172
4477
2857
1629
956
1158
1470
3234
3667
982
2600
1688
3758
1610
4604
4978
1846
3800
2777
1606
3583
2464
2553
3862
4080
4813
4823
34
4082
4860
3835
3580
1072
4597
2348
861
2939
2390
3220
3464
4684
4859
2370
3755
4520
1179
2658
4598
2453
1686
4197
2705
2604
5018
3130
3886
4470
3089
533
1614
3403
3747
2999
1910
2575
337
4980
644
3785
1554
3368
155
4668
1898
2148
2847
5007
2674
4584
1925
1932
3366
4625
4001
4818
1347
4778
3793
313
791
4548
4162
4542
4449
1125
3686
1700
4406
3567
3957
874
3096
4223
200
1712
4891
2824
4644
2389
3558
1080
2290
4967
4337
2869
3863
4623
3601
2850
3823
4238
4491
899
1965
2177
1977
2285
953
3707
1323
4258
4413
2834
1503
3087
4733
425
3987
3787
3678
4566
2752
2487
4036
3188
4209
4305
2429
48
4835
3778
3704
3651
87
3714
3739
4456
756
1102
1657
5015
1724
3452
2580
1236
3627
4369
2545
1386
2268
3722
4222
1758
3695
4638
