58
270
612
483
460
757
67
80
101
186
287
355
367
427
136
256
459
489
495
699
376
79
316
452
415
219
106
694
598
107
698
339
243
853
237
196
152
257
592
182
507
549
93
72
240
290
578
255
660
69
115
194
213
105
71
158
74
532
241
331
322
135
145
341
387
500
384
42
116
117
197
356
590
203
169
382
564
120
24
976
443
458
303
784
504
321
233
75
332
212
393
454
385
381
329
68
134
353
65
312
192
131
334
872
429
508
94
150
271
509
388
204
333
90
468
726
389
351
52
711
306
434
657
884
396
603
523
498
199
140
313
870
73
378
147
23
98
486
61
362
19
5
153
724
146
17
183
21
308
16
284
4
122
76
18
410
276
26
54
49
503
485
358
501
56
418
280
45
588
207
143
340
170
451
51
269
57
245
491
82
687
81
43
259
91
201
765
168
210
163
125
445
96
156
39
1
202
361
246
41
433
314
121
86
268
299
214
130
113
149
481
172
706
274
775
119
15
691
200
254
568
375
27
62
315
231
611
211
251
594
399
188
40
585
70
368
155
38
555
165
400
128
88
521
64
354
239
265
543
59
833
95
184
13
849
545
193
46
661
8
310
480
869
404
808
648
30
745
467
995
748
175
357
34
118
215
447
85
347
25
6
573
756
786
178
446
512
2
677
33
218
111
187
552
809
908
44
554
28
31
133
176
7
127
392
102
87
9
112
584
855
50
144
896
181
132
129
198
206
279
819
725
32
518
142
1069
185
114
840
84
730
216
235
20
409
10
327
66
205
104
14
3
77
138
137
48
100
173
189
162
110
55
441
221
868
12
47
894
847
89
195
783
848
638
263
324
987
83
408
157
305
320
190
709
238
571
352
888
432
990
179
954
97
654
902
1078
161
572
953
658
224
1005
996
824
395
148
430
323
338
267
836
983
464
886
289
743
561
912
417
92
456
300
903
742
731
425
230
1035
992
558
546
166
904
335
907
885
1067
141
988
499
191
1098
369
401
634
350
957
470
337
390
979
650
377
371
710
278
599
151
729
881
958
950
1045
413
348
697
475
1009
282
223
942
746
610
591
761
296
935
60
222
506
250
1066
29
675
277
1003
326
414
1112
1105
614
788
1050
275
344
291
636
981
208
527
108
35
154
924
895
822
920
411
663
770
260
989
330
621
360
484
802
707
457
538
741
887
319
602
36
859
248
629
365
160
477
744
336
391
1024
53
359
383
794
1019
923
889
1075
769
370
795
298
719
309
124
472
793
513
220
780
608
622
346
945
890
601
426
980
754
649
311
431
123
1062
103
423
1039
63
466
968
662
529
1087
325
641
871
816
882
860
645
542
412
696
1020
695
595
806
846
1058
228
817
159
586
167
227
402
363
37
11
139
651
164
668
553
643
462
952
420
569
1084
837
252
379
479
1038
364
854
225
398
258
343
236
940
437
671
304
301
659
771
242
557
293
1001
607
440
510
704
792
372
397
386
861
109
297
712
177
482
1092
587
99
435
851
596
812
835
373
407
262
174
811
1054
1095
505
1086
581
985
422
562
991
497
1052
317
1068
891
640
1043
773
975
821
1079
609
949
285
487
439
541
656
927
342
1104
818
565
448
380
825
461
843
1041
438
416
217
700
752
476
736
515
406
1048
345
1037
701
528
244
126
579
1106
465
436
295
720
22
1008
349
1088
647
574
778
936
965
845
1100
728
566
1080
1004
900
1036
1085
247
737
600
926
1026
733
496
941
1110
841
718
547
962
1028
738
1010
810
834
540
625
1032
1123
715
1053
1034
997
1090
978
967
963
689
639
421
492
307
403
781
764
1132
665
1089
642
828
1017
1049
1023
633
1113
674
1097
931
444
1007
619
688
838
721
593
883
759
1031
796
1115
623
943
680
575
620
517
702
1076
723
1127
646
1093
288
1124
915
862
1011
928
880
867
567
617
892
732
613
799
933
948
616
832
78
857
785
471
1131
1016
922
878
879
455
442
366
253
755
734
1126
453
899
1129
1107
938
911
1027
318
1040
683
1091
897
947
1074
670
273
772
705
692
681
302
1044
209
982
493
1103
1013
753
864
604
1065
921
984
844
946
1002
1014
631
1051
703
1111
1117
1094
875
666
328
494
798
469
530
986
1061
1119
678
559
1130
959
1128
790
1122
1030
473
972
615
286
777
932
1099
374
449
226
714
901
858
589
419
774
815
690
1070
520
767
917
865
294
856
684
1047
839
686
655
669
739
918
929
1133
758
850
1096
1073
804
635
1055
971
618
830
522
1006
716
171
548
934
766
727
264
1072
713
1121
805
533
999
944
823
1000
1022
1083
1060
762
630
693
1015
1081
1025
708
450
664
925
1125
652
514
428
852
676
876
536
281
803
1021
993
969
750
1120
1109
525
807
551
679
583
283
1033
624
791
1082
863
820
960
813
749
930
874
877
511
1116
424
722
827
831
474
951
760
560
973
939
249
776
1012
910
955
672
782
1063
898
229
637
994
937
787
1114
234
478
563
582
842
909
800
502
1071
577
580
673
1064
519
535
626
667
797
292
1118
977
763
632
814
974
180
490
1059
1018
906
628
956
644
685
966
232
531
866
539
735
266
1102
1108
873
964
919
916
779
717
1029
961
653
893
913
576
970
751
914
1046
740
261
605
272
544
394
463
801
526
606
534
789
556
682
1042
627
998
550
537
905
1077
1101
488
826
768
570
829
405
747
1057
1056
524
516
597
