4459
1031
2322
185
1327
1107
1171
1404
1335
1507
2383
2435
2609
2718
4152
4868
1310
1531
2563
2607
70
3338
1341
1220
1073
2554
2539
4157
208
3332
1407
1314
427
2529
1244
4173
2283
36
4165
1051
139
1236
4833
1120
533
2236
2328
4538
4877
2358
1258
3353
1366
1105
2000
1462
1174
1362
396
3330
4656
2618
1379
397
1157
1232
2365
1372
1361
4653
2576
4603
2608
2937
4477
130
693
4652
1448
3896
3839
3782
2587
491
2486
3344
3980
1225
2490
1349
403
3864
1443
1099
1253
2594
2410
1103
1931
3313
3919
3784
2459
3787
3798
3469
540
317
299
2884
3352
1163
549
1141
3308
1091
95
99
155
154
414
3018
1167
2543
1245
847
1475
4486
2523
2761
2440
1735
2528
4509
1946
4333
4353
2364
314
4886
4188
4112
1309
42
4521
4346
1324
804
764
2120
1420
3348
726
1300
1777
1086
1663
2152
1954
188
784
1994
200
4200
741
1490
1585
1092
4375
1007
1243
954
2560
1343
363
879
2847
387
2494
903
1787
832
896
4393
253
1027
2222
4879
4347
953
834
1022
2605
3356
2415
285
2597
2158
4042
4139
2534
281
4661
1088
312
838
4901
4081
4902
1417
1613
1469
2852
2503
4343
1452
1159
4362
1070
585
1606
2369
2250
1096
3958
4644
3311
1686
2596
4030
2780
1357
682
4589
2663
2476
2933
2491
4374
3905
3498
3723
439
615
744
3803
855
4163
4396
4369
1064
1273
2389
4678
2671
2782
1461
1654
2531
486
547
4121
4318
4687
4894
2853
3676
2801
4447
485
658
4360
1006
171
781
3317
703
356
2520
4837
2881
1750
2919
2546
2586
4385
1688
141
4571
10
2799
3487
1473
4107
2356
4663
2021
89
4650
942
4167
3763
3309
1101
3565
3972
659
4492
1460
1401
4734
4403
1555
751
393
199
1196
4752
2840
2838
1934
352
2811
828
1796
1733
3129
3323
247
1761
15
633
4501
250
669
1277
4091
2612
337
1436
2223
1624
1479
3780
4470
2460
3824
1468
2555
2672
759
4382
2134
3963
1391
1290
4729
3738
4358
3412
124
4392
3328
1690
2485
1529
1299
1783
3904
2815
4039
1963
4474
763
1117
3786
2960
1207
805
144
2562
3793
998
4898
2333
853
1011
638
3797
3986
1297
4888
2578
431
4873
1284
4153
1548
2882
1061
4535
2646
1035
2448
3072
2953
4523
4155
384
3960
3372
940
4563
994
4122
1387
2839
2741
1808
4677
2458
3315
743
2544
3983
876
1240
482
4035
206
949
2909
74
884
2879
77
1525
4690
654
3432
1839
112
4929
3402
1360
3926
1334
2475
611
3709
3776
1409
4372
3539
146
1726
571
3343
2649
745
262
3320
4443
256
1098
3359
2545
4437
1307
2814
2393
3187
1269
3297
3515
322
1524
1312
1118
1032
2020
1493
1986
2687
341
1308
1456
421
4487
3267
2564
1692
3610
1447
2694
2388
1884
2698
4111
4197
52
120
2630
4373
1623
1441
240
4001
2326
2552
951
2577
1704
406
980
3955
3917
856
1485
2656
1634
929
4510
2499
3785
392
140
827
1192
820
4016
3361
2725
545
4037
524
2566
583
4129
81
4384
3357
952
497
3346
1094
4750
258
4740
1590
588
4709
3650
2466
3310
2737
727
252
3512
4148
1322
552
1132
2033
945
2108
812
3976
1110
1354
296
2522
2623
3331
3009
1072
4582
4013
3074
4207
2535
1929
1148
2032
3468
2704
1513
4580
2347
3322
758
4519
2938
4405
2820
1205
2688
4449
1013
1543
2102
3298
2224
1872
1951
2978
544
175
4848
1278
2083
3321
2098
4543
1500
3813
343
4061
2506
3771
3285
4115
1029
2264
109
564
4655
2220
2967
4334
3767
2379
37
2958
1160
4212
2
922
2355
1016
3502
1219
3693
1353
2337
3832
4566
2489
3499
625
966
1743
2972
1601
409
1125
1279
354
3118
3956
930
1206
668
605
2039
4876
1116
261
4832
3075
2268
1517
1060
4728
394
4219
1416
4119
4794
4568
2781
494
2628
3794
2234
417
4617
4414
2456
4215
4591
457
3486
1106
1200
4100
335
4120
972
1287
1576
4517
84
4354
1758
138
1
4590
2797
3664
1955
4053
2291
714
3318
3411
2982
4462
1179
1268
4010
1152
2318
4189
3826
2408
4649
3427
2097
613
2487
1886
2559
3334
3569
1156
1506
1067
1082
1369
551
1756
2943
4098
1166
4436
275
631
1227
1922
1165
2164
4050
1276
254
4417
105
4880
4348
2606
3006
3830
2575
164
1383
102
2530
4772
4507
1434
4627
300
4935
2372
2103
2549
1161
3959
336
523
2239
3812
87
2917
4533
1472
57
4409
512
2617
1542
4889
3138
2858
2304
773
558
1423
4368
4867
4498
4720
3501
179
3070
993
2406
3891
970
2826
595
2658
2099
1729
3967
3779
331
20
1053
4622
690
760
836
3918
2242
280
750
3513
787
216
875
59
3662
432
3316
1012
2286
3810
1894
1896
2315
455
4345
4829
2915
3130
1129
2984
3876
4102
2394
298
1748
3050
3335
2979
425
4554
1605
1047
3622
1231
4851
1330
2570
2918
193
796
1463
4925
775
2693
1097
2786
1346
2493
2675
4608
3894
1368
2165
2299
4849
3696
3873
479
2945
976
1870
2477
1563
3189
681
886
860
4860
4842
1970
640
4034
2002
3354
1347
1057
1527
3455
2084
2232
3573
941
2040
385
2650
610
4642
2445
2390
2213
1108
1742
950
1149
854
4365
1230
943
1979
2275
4003
4222
4031
3835
3543
521
4768
1840
1492
2592
1375
1828
1076
4609
1489
4376
4629
172
4475
2865
1843
4736
2723
2067
2788
3857
4899
3302
2792
483
320
3351
546
4442
1316
2532
3996
522
2151
4008
3485
3753
4722
4536
1440
241
1587
2157
1930
1151
3931
3071
3788
3957
2245
3404
1610
3047
3554
1102
672
315
1952
2629
4865
872
2436
2717
3808
149
1104
395
4724
653
2727
2968
823
426
1755
125
1211
3973
3546
3329
3135
4553
858
3013
4048
1095
1442
2470
1650
440
844
158
1477
556
1564
4754
3898
27
3277
1467
2844
2573
1406
1411
2644
2738
4085
3888
1365
3500
3076
1133
1162
1900
2710
3002
3624
1998
1056
3203
230
505
1187
1344
2004
1023
1270
1575
1532
1717
1252
3684
1700
4938
2350
319
2686
283
790
1603
2192
2200
1710
1997
14
3789
586
1254
2802
1419
2417
2613
1821
4438
2146
4164
361
436
4623
974
971
913
1898
4735
1497
4696
2061
1801
4484
1364
465
567
2538
114
2894
2130
960
3542
3465
420
2074
1045
2502
931
4332
990
4182
1298
1978
4174
3566
4280
2159
2478
1722
4874
351
3652
243
3295
2589
2129
355
437
2807
311
481
3903
1584
2433
792
3572
96
4662
4548
4900
180
2692
4341
1671
104
1292
2387
1433
1318
1146
778
2875
3342
2398
151
2086
3360
877
1256
1380
117
2484
4400
4208
379
2796
4399
2375
1522
944
3899
606
4032
3862
1113
2214
2047
2119
2994
2453
4038
460
1753
1512
740
142
1079
996
170
448
721
49
3066
761
2243
1340
794
4138
1164
4831
4866
3153
1832
1089
1459
1426
3012
2184
4073
2114
4542
106
772
3860
992
1727
444
307
2595
2542
870
1193
2115
1533
4508
645
883
3568
3287
4575
4161
4336
946
4021
3005
2866
4411
969
480
829
1378
882
2055
4356
474
2419
2336
1134
1637
2821
4606
3345
3878
464
4094
570
4746
470
2138
830
4366
1348
4402
964
3949
4838
4493
4645
2621
3102
192
2397
3882
78
2977
3754
2779
306
3147
2090
3045
3011
4218
4190
975
3123
259
1574
4755
3577
1336
92
801
4884
1285
2284
3222
3909
1523
4733
3902
2711
2081
132
846
3488
2100
502
4149
780
1025
333
765
2313
1281
893
197
3844
4679
270
2716
263
1918
2880
4887
1995
1602
3758
1321
815
2481
4342
2816
1965
286
1144
777
195
3939
4671
4378
3505
1496
3280
3961
1058
4202
535
3296
4704
1464
3823
4628
1655
2451
4513
1450
4052
1024
237
2068
456
2610
4029
1350
4377
1453
1803
3134
894
537
897
4422
3284
1050
1068
3294
3704
3923
73
3872
51
1945
3856
1691
737
959
493
4660
2551
1020
1701
4135
1339
2235
2784
1962
3984
371
539
4089
2767
1090
98
1403
3112
2241
4488
113
458
48
3620
2131
3157
1359
4113
3271
53
2428
2793
4903
3629
4675
3245
3300
1402
2474
692
4840
2225
3790
3751
1373
2211
1818
1374
1923
3004
1712
1541
279
1851
1352
2444
2729
2558
3132
3198
2464
2267
131
2550
3220
2329
749
3248
3103
2987
3350
4601
529
2374
619
1645
3727
430
1331
4640
2897
4494
1694
4862
4676
816
566
2985
1358
4106
1445
4478
1511
935
3324
3846
997
2317
2794
2942
3805
4830
2651
2150
3589
3160
4479
4871
4598
2352
4890
1437
865
1911
1178
2504
4638
2076
1795
4875
1615
2142
4060
1301
2249
442
1168
2246
2003
4839
2429
2602
713
1138
2384
4550
2641
177
2957
3314
1790
3600
1087
1827
2093
889
2113
3582
3700
1635
2288
3822
80
4764
1996
4612
845
4440
4504
3783
2944
4516
4463
3149
1641
4607
4834
3606
580
3770
1895
1425
3889
1763
577
226
4700
3796
4529
2309
2939
1536
4087
452
3347
3098
2201
4223
2038
1849
4930
3507
3419
3533
1384
4780
3252
1275
4885
303
3457
3725
4026
3492
4909
987
2035
209
3503
1398
1015
1048
3911
705
4668
1904
1175
4747
3962
189
786
1664
326
4852
469
3581
4181
2377
2307
1033
2163
3636
3472
1183
3450
2048
2940
4005
1714
69
2085
1699
3772
1845
1944
2726
3987
1326
1661
4936
2829
489
4674
3795
2537
656
121
779
3670
4485
1816
2155
4744
2501
4472
338
2565
1323
2655
3692
4658
2790
3474
2123
874
2591
4910
3190
4703
2026
1614
1588
900
3708
3597
1703
1131
4180
2095
1561
1773
3845
1826
2125
955
3051
1680
1760
4047
3201
4066
1746
3817
4364
1914
1579
4151
637
86
4108
1850
1414
1554
93
1771
4483
4311
56
4059
1427
153
1757
1941
3504
1662
1683
4587
1077
424
2895
1677
2622
43
4236
1687
2890
1257
2892
1789
3518
4853
4789
4835
3078
4446
3755
4717
4090
2498
4557
3303
3833
1235
710
1388
1049
2231
1251
3669
1075
357
4742
4685
4711
4071
3929
203
3687
729
3216
559
1143
1713
598
1208
4680
4905
55
2619
2660
4593
3073
2017
4738
3626
1503
3349
4713
1903
3181
3950
3214
3365
4828
4701
2730
4505
4511
1784
4416
232
1977
2924
1255
3564
4015
2724
4306
507
1890
1702
3934
4514
2255
4433
3710
1560
2011
290
3875
4444
191
2378
4864
4194
4065
4883
3914
362
1791
1128
4049
1217
2042
2346
4583
1594
3678
4727
2316
839
1612
282
2382
2465
1629
3706
1198
3490
4272
1484
1856
2910
1566
2805
2147
4146
4941
3253
957
2216
4274
1708
673
2306
3369
4657
3463
1971
1424
4689
4203
4006
2758
3756
4495
3537
3746
2028
3993
2842
1150
1737
313
1229
1280
912
932
342
1544
4058
1947
1356
4611
977
422
3638
2647
1153
1892
3608
428
3997
3933
1706
2679
2091
3916
824
1723
1652
1034
2642
4017
1981
4544
1451
1740
1874
2407
3679
1559
186
579
4080
1556
4893
1295
4846
1812
2970
3437
2557
861
224
1124
473
291
582
2705
3337
892
316
407
3630
4841
3954
3042
2759
4597
3092
3578
4525
82
3025
936
3964
3553
4558
1754
3299
4872
1838
771
1608
719
22
4659
2359
4707
3851
1875
4019
475
3210
278
1325
372
3116
697
3774
3191
1871
3617
3325
686
3740
2510
3120
4785
1969
2673
2005
4408
3732
137
814
735
156
76
1454
1695
4011
2118
1772
1622
4381
2981
3495
41
3530
3752
3128
2367
3928
3739
1428
4070
2740
2424
1617
1943
310
268
2812
3609
2343
4673
1909
3698
2999
3146
3804
3944
264
3712
21
1901
2294
2405
2136
2639
4036
557
1546
2739
2063
217
3778
1679
4328
4069
3837
4614
3619
4725
1749
1709
4599
3886
663
60
1390
2008
1666
1825
3326
2514
937
4205
3982
244
791
4530
2973
3966
1730
2052
321
3278
450
3655
369
3430
4093
1919
219
813
1508
4686
498
2598
1653
1204
2348
646
1668
330
2292
3199
3924
1862
4751
3246
3989
1136
1859
1495
500
3523
1649
614
3974
3206
1457
2244
3270
1242
2455
3831
2041
71
1625
293
2066
366
677
3017
3415
1888
1203
63
3775
1246
4926
1921
1558
152
1973
2949
1766
3188
1239
3099
1317
4041
476
1283
3743
2056
1950
3030
1627
499
1949
85
3627
225
1518
1681
3526
1906
4723
1537
3777
3892
1501
1830
1863
25
1429
1770
2363
2092
412
1055
3215
1158
4570
3417
3988
3802
1814
3551
32
2580
495
803
4625
3730
4933
4904
3015
4585
4229
2105
1984
525
898
1853
4760
2189
28
143
1626
4684
1858
3699
2308
1370
2078
4002
207
3883
1736
4692
1202
2447
1908
4732
1213
4940
2371
531
2110
3724
3815
4731
3697
2785
201
2450
4520
2168
1557
2141
2273
873
2064
1685
1632
2282
2620
12
4739
3117
2344
3998
623
4923
1552
1835
3218
2416
4783
344
1774
1486
1991
227
2300
2228
178
1313
309
2001
4615
3456
4286
4906
2331
1778
1209
3742
4562
1630
4716
2293
3233
565
2380
1988
267
3434
4172
1248
2645
4480
2027
3734
4471
2080
353
2561
1037
1893
2126
3403
1780
3726
194
4715
3683
1371
3748
3861
2357
1805
1286
1902
2196
3992
550
2013
4714
2024
1195
4637
4067
3062
1430
2746
1293
3435
967
2226
3202
173
1775
1351
2190
620
1824
3039
978
1711
1005
242
323
4130
2665
2149
1059
4670
4496
4062
1936
3172
2516
3685
2257
3236
3219
1185
228
4068
1797
4578
3043
4919
4855
1514
2160
26
4741
2116
233
2731
4892
1315
2015
4541
3494
3733
4665
2036
4633
4133
1959
451
1786
1669
370
1804
1809
1135
965
3971
3100
1820
1864
809
2107
4918
44
1873
1382
723
1571
2637
554
1799
1188
4512
1616
2127
3979
4618
3327
2202
3818
3858
4147
3231
1449
1036
487
1933
1976
2362
145
4088
4927
3657
2212
4051
835
2715
2883
1720
3854
4027
4708
1866
97
2332
2029
4534
2208
2311
1418
2373
2991
1438
2022
739
4710
4363
3080
878
2044
2087
3401
4195
1224
2135
555
3951
4897
2935
2712
4546
3436
2176
4857
4114
3728
1410
2217
2997
3605
2338
2247
2345
1660
1474
1745
4095
2111
1897
222
126
1675
2219
2051
1619
1806
1910
4915
3849
553
999
891
318
4371
4370
1744
1155
1238
30
4621
4695
667
1636
3239
2648
190
4748
4895
3677
755
2500
4025
4214
4721
231
2368
2012
453
1693
2279
3852
3913
4337
445
4882
4827
1565
2122
2194
3144
1247
3952
3145
4632
3791
4688
4397
2391
590
4891
1123
168
562
3119
4719
2137
2843
1127
135
3694
840
4745
3893
2441
3686
107
4398
1431
4150
1834
1882
1725
1823
1600
1869
1659
825
4821
345
2697
3585
2197
1891
4404
1833
2088
3484
1342
1488
4227
1328
2370
1776
982
4620
484
3995
1678
1432
4567
3912
174
1961
1386
423
4924
3447
2128
3428
2215
4000
4007
477
3991
248
2248
4743
4526
4040
3019
981
1599
1842
2533
563
3247
3561
11
1899
346
3229
1184
1697
54
3877
2016
1604
162
1573
1435
1119
1385
62
1199
466
3388
3333
3749
3319
1589
3702
176
2426
3414
4737
461
2305
902
2132
4641
3612
4539
1674
2990
818
1221
1154
31
2349
3910
4726
3266
196
4718
1928
4861
4551
3105
3556
4547
1667
1810
167
2770
509
4712
1550
3064
1228
3668
837
938
3981
2412
1291
471
1259
4159
1305
4561
3825
1562
3424
1759
347
478
3663
4881
2335
2154
3874
33
4076
3340
415
1413
4502
3985
895
2585
1530
2070
2320
4635
1621
2366
901
1249
1987
2277
3268
519
1639
4217
1320
3848
4537
368
1734
4907
4103
1519
3514
3932
3762
3656
1201
1577
3358
229
1877
2321
2553
1237
4634
4499
2280
3834
4320
3418
1768
1883
3999
3750
4524
454
1705
3362
4934
1880
2112
3464
4850
904
1715
3598
1083
2230
2079
2104
4489
548
3936
1509
4004
4054
2965
1920
3289
2209
1644
670
79
536
2600
807
1538
4258
2925
2043
3528
3671
641
1633
1421
2053
526
2301
826
1549
3439
1855
4330
1017
1222
2182
2269
2206
1121
1879
4914
560
1177
4706
4137
3154
1392
3809
2666
1741
4863
3127
833
2179
4482
2956
2289
2418
1553
795
61
1762
3811
1925
4518
1905
676
47
1739
202
1458
1752
1521
468
3027
1721
3290
2708
446
1130
1545
1927
2071
2841
4574
3816
593
4532
1788
2161
4586
223
2954
1494
1182
1014
4099
157
1572
147
2030
2204
1233
3601
150
3828
3552
4793
4569
1455
438
754
3274
3855
2584
2409
3865
1957
1478
2568
255
3766
1176
1718
1408
1802
1066
1868
288
108
2205
2947
4249
4579
2574
1732
1586
3097
3438
4359
4856
4355
4327
1502
4160
4491
2395
1980
4145
1400
2031
4293
2050
2287
4778
963
3941
629
2156
1854
110
2360
4565
1044
866
3235
4063
2177
2517
1857
205
239
2191
695
4313
4616
3673
1042
334
3549
1724
636
3827
4312
72
3244
1190
568
1578
3595
1907
1916
1989
4022
3091
1191
3841
4009
2314
1302
1860
3110
212
968
1817
3161
1046
4788
1218
3400
3440
4064
2162
1210
3341
4777
3371
2312
1782
4859
4261
2089
1261
19
3970
806
2885
3524
2054
4928
3667
3937
3282
3643
3029
4572
1389
4691
4705
1992
4281
4667
3174
4177
2757
2178
3545
182
6
305
3211
3383
1966
3094
3489
3759
1913
1570
3611
3148
1822
1798
413
517
788
817
2728
4097
1338
3666
649
4154
3576
1611
1583
910
821
2351
1731
2775
2140
3557
3251
2988
3646
4812
1983
100
1126
4631
1716
148
3441
3599
2962
2720
3714
1999
3563
2121
810
1670
3890
979
859
2929
1651
1847
3994
1004
3207
2285
4911
3131
1002
4289
3370
1241
429
3095
592
762
1071
988
1738
612
2874
3382
911
2661
3037
4234
4294
1399
1215
3884
1333
3588
1939
4813
3555
4143
1592
215
819
2762
4132
1439
2857
2682
2604
1026
757
1214
4383
4237
909
24
4057
1019
1597
4730
609
4141
1289
4264
3623
2472
2624
3713
4267
2993
4075
3184
1848
3814
3044
3036
1948
4046
958
753
3422
1767
4233
324
746
2218
1063
2734
4401
3196
213
3544
2904
1528
508
1471
4556
4651
3942
4805
3506
4702
3580
3920
2434
1593
3173
581
463
3380
3701
2760
2569
1582
4415
111
3395
1591
2258
4555
3212
1446
3491
3540
3460
3405
3106
2752
2457
3114
1535
3276
4434
1781
1609
3238
4425
302
2422
4500
35
4605
3922
3769
17
2062
4209
1381
245
4379
647
187
1069
3640
3863
3033
4749
2889
506
2221
925
4490
4257
3156
1935
2303
4134
2414
3925
3264
2748
1940
3689
3836
1332
496
863
2900
675
3376
3209
2640
3167
1395
3719
4576
2193
4596
3063
1794
4664
4811
3496
3406
782
1115
3592
510
3586
962
3031
447
3249
4647
221
1993
2065
2497
2227
627
2180
1303
2869
2871
2461
2763
2696
411
1547
4773
2774
862
1062
2060
3867
2143
40
3378
3433
3108
4418
2809
4191
4303
1876
628
1665
118
3938
3048
1296
2109
2766
3529
4823
3945
3621
8
4082
4299
3879
3516
2747
1480
3745
2524
2733
3880
1041
3040
2615
4564
4921
3186
1393
2713
4316
2878
1638
4269
1628
4878
3442
4800
4386
1363
696
4224
462
3065
2955
3021
630
2319
3658
4220
3171
716
2789
2736
2611
3364
1405
3521
2744
4291
2334
3604
2437
4908
698
4453
3444
684
4176
3077
373
2511
4340
3479
4128
3259
3176
961
4170
4287
4308
2018
4531
2153
4552
572
1376
4344
2058
1367
2590
382
3431
2167
3269
4801
3336
2254
885
4262
3906
2482
18
4
2425
4681
3423
4765
4193
3953
3081
169
359
443
3603
4246
1924
410
1186
388
3443
4869
3707
399
691
3721
234
2473
2402
3915
490
1551
4124
3921
4588
4604
297
4810
2266
688
4072
3571
4084
4156
265
1043
3674
3532
4268
602
3467
776
4581
1304
3535
1813
64
2928
4300
2411
3390
4503
1510
1568
1696
2034
3477
3885
3056
2753
433
3943
1581
2037
4250
3688
3397
2916
1189
2185
756
2986
271
1294
3703
3829
4395
277
4043
274
4816
2145
4771
561
3008
3410
1412
1915
400
1415
4018
3969
3631
1288
3947
1084
2386
538
2010
2964
4254
4310
2361
3217
1765
1643
1764
119
3965
1054
4118
1618
2635
2689
722
4460
3859
3399
3615
542
2631
94
3301
3672
3647
1642
4131
2006
4101
3288
4284
398
2634
1499
2019
1831
1093
419
3243
3764
4782
3205
1319
4169
3032
4427
793
4559
3307
3339
3101
2169
1267
1658
198
2907
1912
2075
386
841
3446
3407
3567
3466
4285
3192
2633
881
674
799
4428
712
4104
868
2059
3408
4323
1504
2685
4426
4044
1265
3035
4613
578
2014
3729
4123
4441
3850
295
2117
308
1657
4619
2966
2625
4292
1487
4779
4186
332
2756
3930
711
3633
3881
3593
2400
2817
4178
4244
184
2540
1498
671
2667
3616
2860
4457
2536
2862
3614
2983
3806
4769
1080
181
2210
287
4643
2421
1173
46
2310
2932
2327
2702
1938
2521
4669
2680
418
4792
948
724
3927
2873
3531
995
4452
3654
5
3391
2507
3179
3538
2989
23
3897
4763
3525
701
1311
2199
956
376
367
926
2891
2469
4380
1656
4288
4610
2867
2298
292
3596
4682
2601
683
2302
2709
492
1580
2376
2007
2941
3558
3838
266
2998
1707
3711
2518
3452
3374
2599
2144
843
2072
4758
3445
2342
4248
4361
260
4819
3168
3366
3908
3977
634
3087
3736
3281
2449
2173
2819
4461
4228
3935
1145
3547
2787
1985
1142
632
591
989
1968
616
4648
1647
391
4654
2471
2274
3691
3680
2903
4646
4506
2023
4179
3067
3260
2385
3760
65
3493
811
2509
235
2911
3213
3225
3946
4321
1631
857
3257
3517
4798
2674
4187
4079
301
1272
2830
4252
934
4277
328
4125
375
4225
2946
921
2971
1841
3522
700
3768
4387
3143
402
128
103
3975
2902
4759
2969
1889
2340
4774
597
4545
2963
3659
2691
2732
4476
1216
34
4301
3458
4528
3968
3197
3293
2263
4469
2832
3807
2295
768
2238
1878
4412
3124
4247
4799
1698
4820
4698
3068
2888
4451
3104
1932
3258
2822
1262
3086
4305
1465
2810
2454
383
3234
3208
2513
3747
2583
3453
1170
4775
1030
4822
3194
3574
986
2233
4421
2325
1250
4256
3478
4028
798
3041
2256
2707
1001
3010
1852
2341
797
3193
3628
4920
4240
707
441
2768
2778
1885
4896
4211
2571
907
4162
849
2198
3224
2260
2240
4307
160
435
3292
1194
272
687
2813
3375
4784
679
752
694
3121
3990
2401
3720
2181
122
769
3226
3735
4932
2548
1021
3387
4020
3870
2432
2899
3014
2203
3681
2872
4304
1769
888
1112
39
4466
159
2898
890
1540
3237
3800
1751
2653
1779
3232
2187
236
3644
3541
918
4136
3028
4791
3142
4183
3416
530
1139
3744
1081
4239
4012
115
4357
2662
4826
4815
3462
1111
1846
2330
4844
2755
742
2045
4767
2921
4322
2974
3648
4439
1607
4109
3559
4192
3263
2926
4078
3508
2462
709
68
136
1598
2229
1815
2420
3126
3461
2265
4584
2854
2719
2519
2818
599
730
652
3454
3122
2527
4410
3483
1829
364
800
607
163
2700
58
608
3682
985
3256
3007
4351
4802
2777
534
90
2976
4636
2271
644
584
3178
3200
869
2845
3757
4766
1003
3083
532
4096
4243
738
3386
3241
689
4024
3227
3773
1505
3394
327
3133
4245
501
2281
2082
9
380
4913
2795
1982
2804
2442
4804
648
1926
3381
4931
381
16
3510
594
575
906
3026
449
3139
3262
2403
4806
3057
1520
4454
2170
728
2171
732
3641
3111
4803
4937
543
1958
527
4577
4319
4166
1953
3164
273
927
2323
4297
1793
2579
973
3107
3049
4231
3590
1377
666
2148
2512
3550
4127
1181
1491
2803
3871
914
4331
1620
678
1595
4349
2754
161
1676
4432
4238
4423
2324
3228
919
3840
4014
4797
1234
2975
1887
3151
211
3398
360
3476
4624
4450
4338
4317
2237
4807
1266
88
2776
2446
2270
4270
596
1682
2769
3520
4171
2848
2195
2849
4278
4314
4413
880
2701
3109
4787
4206
4781
4761
2773
1646
1482
257
3175
3607
2025
1197
1038
3637
3162
3279
214
2581
4473
3978
4630
4592
917
2913
2251
3136
4429
329
516
4241
655
604
766
3459
3634
3895
3583
4394
83
204
3509
662
4242
574
831
3665
3385
3024
2876
459
488
4302
434
770
2492
2742
3240
1345
576
4266
4116
4818
3
276
2636
4817
708
3821
3409
2851
504
3079
2423
789
4279
249
3715
3642
3511
1223
4329
2166
3137
3602
748
699
416
116
3853
635
2139
3170
165
1867
2995
2413
3088
1100
2427
1942
4595
2463
569
2567
2253
3291
2009
4693
3842
2750
4843
2887
3613
2870
626
3055
4430
3901
1394
983
365
734
928
2714
3389
4756
3618
2396
1122
601
2479
2859
651
2806
3560
3363
3587
4055
4074
1271
905
350
1974
3799
358
2703
1596
2914
718
4600
390
1481
984
3737
3761
2525
294
2515
238
2695
1137
1052
3481
3084
2483
4540
802
2771
2541
3312
2496
2175
4221
2616
4276
2488
2831
3765
3054
3413
4352
2722
3000
1836
4916
3169
2893
2664
218
349
4367
45
289
4790
4251
3451
50
3482
3265
541
1074
4419
1065
2764
2508
1673
348
1282
1466
1028
4870
514
166
2856
3651
2677
867
617
2823
1000
702
4265
2652
1539
2392
916
2934
2681
4216
2657
1515
3059
2547
573
3113
3731
747
2980
3034
2654
2961
3948
4389
2920
123
3527
3900
4110
2399
3820
783
1728
2772
2183
2951
3261
2603
3304
3470
2683
2992
642
2272
2922
4142
4295
4350
4045
4912
3022
2912
2480
4273
511
1975
3230
3562
3781
733
4809
4527
101
1526
4324
2430
2077
1917
2069
908
4056
4196
4481
3060
643
2106
4825
706
4298
4854
1569
1990
325
2638
3177
1719
408
3705
4770
3843
4549
4796
2262
2791
2354
3632
3635
405
183
4666
2846
3420
4126
4786
4184
4795
3069
3384
933
2931
717
4836
3695
1306
1844
2278
2930
4023
4271
3869
947
3392
2735
4467
1819
1785
4226
2381
3570
1811
4391
4325
4445
3645
3548
4092
3741
4144
377
374
75
503
2827
1337
129
4117
4275
3473
4917
1140
3819
3155
3061
2690
3866
2996
887
639
661
3792
2172
3159
3426
3722
704
4283
603
1109
4694
91
2751
1212
1972
720
220
2743
2908
4697
1807
467
4464
3125
3082
4845
4339
4198
4290
2259
1114
4235
4762
4699
2828
3368
991
4255
1039
3718
2073
3690
2526
1355
3283
4672
587
3185
3096
2046
3480
3023
2438
3475
2765
1881
3058
2096
3115
1937
1470
3221
3393
1483
3373
3367
4140
664
3649
4077
1396
2850
2452
3016
3275
2670
2261
685
4390
3046
842
7
4465
2439
3584
2627
1260
4824
4468
1169
1018
2057
2808
1792
4858
2864
3089
3425
2669
4573
2906
3273
2174
4175
210
4232
4315
401
2706
1476
3003
1040
3575
1444
3141
920
2749
13
923
251
4158
3182
3090
3653
2896
1263
404
2699
38
2901
269
4626
3165
2276
3038
3180
1008
1640
1078
2468
589
2252
1861
2923
2745
3396
4388
871
4168
2868
4407
822
3305
4522
4448
2927
4939
2101
4455
1865
4083
4424
3625
2798
4458
1684
3152
899
4296
3140
767
389
3166
4335
850
2905
3163
731
657
1172
133
1956
2833
4199
4253
785
851
2614
650
4204
2188
3242
3847
3661
621
1960
528
600
3001
4263
4260
3448
4201
1689
3421
4105
774
4808
3379
1180
1329
2952
2632
3716
715
1747
1800
3594
939
680
2207
2556
848
4683
2659
3471
4639
4033
924
665
3519
2186
4309
1009
852
3272
1422
2721
2094
3675
3639
660
4210
2643
2800
2404
1964
513
2297
3429
2684
2836
2959
4259
134
2668
915
3053
2296
3868
4776
2863
3204
808
3801
127
4594
4086
518
3020
1967
2783
2676
4326
3536
4185
4230
340
378
67
2133
3449
2950
520
2443
3150
864
4456
2431
2339
4406
2049
2678
3158
339
3534
3195
1147
472
3660
2936
2353
515
3223
3579
4814
2290
3717
2582
1226
2467
4602
3306
4431
2593
246
3183
4560
1648
66
618
4753
3497
3085
4420
3254
2572
2824
0
4922
1672
3591
2835
4213
1397
4435
2825
3093
2495
2505
2124
3887
29
4282
1516
2855
3250
2588
2834
2877
4847
622
3940
3907
2886
2837
624
4757
736
3377
4497
284
3355
1010
1264
725
1085
1534
3052
4515
2948
3286
1837
3255
2861
1274
1567
2626
304
