1225
1327
403
1107
744
1117
1167
1310
1343
1362
1479
1507
1531
1349
1174
1196
427
1105
1231
741
1253
1171
764
751
1407
1092
759
2236
1404
1258
1372
1361
1149
70
208
2283
2383
2328
1314
1931
1073
1443
1103
1220
1091
1179
185
1420
1735
1070
1886
1461
540
81
549
1064
533
1269
1452
1335
1324
1243
36
1401
1994
1934
139
1462
154
95
155
99
2365
1448
2322
1099
397
726
1244
314
281
2000
285
847
1334
312
2222
2158
1777
1469
396
953
384
42
1051
658
1493
1490
363
1733
1585
1787
954
1011
682
1290
585
158
188
703
693
414
1125
1954
834
1006
1654
253
896
781
832
1686
1141
1163
903
1307
879
1529
1663
547
942
337
855
206
2389
1027
1086
1088
1007
1299
1101
1357
2393
171
1159
1690
1416
2164
1929
20
838
1946
124
317
1440
1022
633
299
1602
2152
247
615
1513
1417
52
1366
1277
1309
2223
2520
1330
669
2333
141
1096
2120
89
497
1761
2250
1436
1548
1555
352
432
1035
2358
1460
828
804
1120
659
941
994
199
1606
2369
1297
250
486
393
10
431
1963
1273
964
638
1623
1409
1758
2415
794
1284
611
1207
457
1447
1783
1032
452
853
491
356
949
1354
860
1245
77
1796
763
1468
1061
929
1525
2039
1240
1360
96
1236
1524
2243
1118
653
760
1624
1688
2098
2165
262
998
394
583
2021
1312
505
258
1098
15
571
1726
2408
1473
952
2100
2097
1276
727
1456
2020
252
2326
2539
1489
1590
2318
2220
2083
1322
1884
588
106
784
1391
1106
120
1970
922
1072
970
430
1278
341
640
1742
1379
300
1287
1157
2379
417
439
144
1808
1576
1353
113
1192
296
2475
105
1082
395
354
552
945
480
1756
772
1387
758
2134
112
1517
544
138
625
1485
1500
940
545
1060
2032
331
1750
84
146
654
966
2129
1704
1285
140
1279
2347
2406
1110
2337
1227
1543
745
57
1896
1692
796
1951
2224
876
2102
1506
1308
2268
1340
2264
1166
421
775
335
343
512
523
2085
1955
2544
1200
406
320
2291
102
2355
605
613
261
59
1634
558
875
2388
2130
2350
1219
74
930
830
2286
1254
1165
1472
494
1116
2103
280
1029
180
483
1076
2033
1152
1986
1148
164
1434
241
2552
2458
1441
1232
1045
714
1067
1922
1346
858
336
1383
2213
425
1475
960
854
2108
485
1047
306
1300
1613
993
743
2315
971
1615
1368
595
1016
1605
175
298
1369
1094
631
1423
1206
1843
792
1161
2239
749
1341
2232
2364
1748
2099
387
1097
1162
2299
950
1894
976
1700
551
1160
2394
1129
1108
1979
470
1828
1053
1563
524
2304
2234
2476
690
200
886
1840
2275
1542
1365
256
2040
392
440
567
385
2157
805
990
681
721
1442
1083
951
1339
1574
48
109
972
1710
668
856
765
426
361
1900
179
230
2061
1437
1564
1256
755
1952
1268
1755
409
1610
1492
884
275
1156
1870
1477
460
944
2372
610
1270
1743
1104
132
778
14
2002
1031
1020
1532
1497
193
1187
481
556
1453
2114
2004
87
672
1722
897
1930
125
420
559
151
49
801
351
1801
815
1587
931
1601
2146
1790
1133
1978
2067
2384
823
2245
436
1637
2522
1996
586
1095
987
1338
1230
1731
2151
1146
1650
243
1411
787
946
1662
1087
974
1150
126
1347
913
1252
2309
649
1802
2284
1102
1193
750
216
1419
1024
371
283
943
1584
1292
1872
1445
1211
1336
1012
656
1727
2529
149
104
1348
1
1164
1496
877
1433
2192
606
458
2048
1459
2398
1301
935
170
1068
303
278
1923
479
546
1933
73
1818
2356
1821
1962
969
1079
2375
1467
1134
240
893
379
456
1364
1151
829
333
2390
872
790
195
2486
1375
1205
1168
2214
535
2003
1671
468
1995
2055
1845
117
2426
1839
1350
1384
1058
1562
883
2205
1144
1645
2131
1851
539
2419
311
1175
1057
93
192
780
469
1403
1512
1589
2387
959
1358
1056
27
502
761
1374
1344
1178
2225
223
2487
1048
1965
172
1023
992
1533
1691
307
996
1402
779
1603
1090
1523
1390
740
788
1378
2008
1927
2361
816
1753
1464
2504
975
846
894
1025
2374
1737
2138
2047
2159
1575
1655
2163
522
2119
2550
1013
1527
2024
1809
1089
53
1898
1873
78
2336
1281
465
737
889
1132
448
1380
773
1426
1113
37
2081
865
2543
1373
1298
521
2135
848
110
710
342
177
437
2074
1784
870
1677
1715
1331
1918
844
142
2115
319
2246
1541
1882
444
2070
1050
2011
836
43
1664
2090
2189
357
2371
2068
1831
2335
1703
1641
263
2231
1450
1015
529
1257
812
493
1734
130
826
1005
2088
2346
455
1832
1233
564
1463
1316
2093
423
286
2086
1795
1993
245
820
1877
2084
1579
1789
1895
1660
297
282
841
1736
321
1138
2132
2311
2194
259
1971
2035
69
1295
2317
1714
570
1788
2038
882
961
232
35
2416
1984
580
2110
1385
2111
442
1202
1816
1536
1121
1235
598
1667
566
326
1255
1183
428
482
1246
1879
1558
2177
1702
1855
1537
338
194
2359
1980
2026
1352
217
2312
1880
209
424
1508
1398
2357
2382
723
2204
1554
1410
2206
1208
2184
76
1987
695
1903
2437
1916
641
1237
1599
1849
1746
1893
279
474
2209
162
1582
1001
2417
201
137
2255
288
2071
791
353
268
1983
12
1635
771
1988
446
1217
2465
2331
1185
169
1950
2054
1214
26
1293
2329
1135
2211
254
1625
590
2230
2414
645
1544
1218
1014
148
537
1017
2321
825
2065
809
2118
2042
6
2095
1838
2477
677
697
71
174
2160
1608
1701
445
1680
1321
2147
901
531
1705
754
1414
873
2288
2277
1888
1239
315
2196
362
1961
2219
1229
1530
2294
1326
1484
1251
1754
1248
1128
2248
2063
1904
1757
757
197
1586
1854
1494
19
233
1066
1853
1454
2306
1729
1770
892
145
692
347
2136
1744
821
1124
1332
1553
114
673
1577
729
1222
471
1936
330
1600
313
1617
143
290
1037
1766
1318
1359
619
1286
2149
2105
1941
2395
1693
1588
370
506
1681
1127
1002
1438
30
1914
225
1668
705
463
1597
2017
1259
2190
1198
2228
207
2080
1909
429
1049
187
191
2367
814
178
248
557
1695
1550
2044
237
1323
2478
982
2212
686
2137
1899
1675
1669
2028
355
2378
2448
1201
895
1745
1820
1724
1182
2500
1315
2320
228
1126
244
108
1848
1627
97
2287
1762
2089
1191
1509
810
2005
2201
2053
2197
2254
41
962
2405
1571
131
1381
1195
859
1213
1474
1136
2474
2056
2012
898
2377
2128
1869
1303
1545
1546
1632
1528
2185
2300
150
1261
2121
215
1652
1763
1803
2027
526
818
1622
957
1559
1502
1649
1919
1224
2066
1957
2351
701
1810
1791
629
1561
1514
2034
1653
508
562
56
2043
2029
2427
739
2178
1432
496
1046
1382
1153
2391
525
2282
1071
500
44
1573
1566
803
2013
2407
1824
1773
1619
1774
2036
2168
1400
242
900
806
1389
1557
1697
1830
1059
1786
2064
1749
1371
2050
1850
1874
1717
1944
2338
433
2313
835
1495
1718
553
316
1228
80
1730
997
1626
1775
1902
1591
1503
627
447
168
1685
1860
1446
344
1501
1594
1947
1618
1768
2332
1683
473
2087
1242
1939
563
219
32
614
2316
1408
1991
1864
346
1949
438
1639
1814
495
833
451
1388
79
1716
637
2418
2301
1578
1280
1661
190
60
239
663
1782
2062
2289
464
1935
1062
2409
2217
1913
891
1883
937
1835
579
2540
1771
2202
968
777
2162
2305
2127
1356
487
1320
1455
1063
2247
1976
224
1427
555
1413
1289
1249
2352
1221
1767
222
309
1612
2191
2368
1511
670
1158
1044
967
1977
2122
1780
840
1833
1019
1740
412
1817
407
861
372
719
1901
51
1945
554
2156
753
1921
1004
231
2161
1891
47
461
1760
72
2140
441
453
1834
2208
2200
182
1633
1522
1720
1943
2241
1399
2076
1457
1670
2022
1804
863
345
2344
1215
735
478
92
2267
2104
938
2193
1154
548
157
1592
2016
2273
1806
2078
378
2030
202
22
1458
1712
1892
2107
1890
33
2263
2380
1552
2503
2521
2113
1519
2293
173
1115
2257
1630
2334
1424
888
1973
2269
1798
1797
1920
977
936
1143
1842
450
1694
1176
1123
147
2052
1709
1859
1998
1826
2450
2041
988
111
1435
1713
2348
1651
1871
167
1897
2150
153
499
550
902
1210
1825
782
323
2091
1209
62
1812
1471
2553
2001
1856
1866
2142
1367
1665
1428
1572
318
2141
382
1449
963
2429
593
1741
1959
1291
1521
203
1604
390
2551
2373
667
2123
1075
1679
368
932
1863
507
165
795
369
1910
1033
1549
1510
1772
2218
2538
1275
135
1905
1862
1805
2116
1556
1868
2412
1981
1370
978
28
2314
683
2292
1317
1406
2154
2126
1247
1928
536
1875
774
121
11
679
1629
156
1997
229
716
1699
21
1659
646
1858
1813
1199
226
2363
1725
2403
2530
1964
213
2308
2216
509
1621
1721
1034
1204
2423
2155
1425
636
270
136
367
687
205
2176
2112
837
1203
1799
582
1119
839
620
255
2279
676
1036
267
1392
107
581
1708
2244
1711
1925
1487
61
265
948
1431
1342
2125
1518
1678
119
1026
980
2473
1238
2025
2009
572
227
1614
1190
1723
1313
196
484
600
1906
2499
786
874
2303
824
1488
366
2421
454
2459
1188
1570
9
1039
628
2265
1131
904
573
123
866
965
1794
2319
955
467
1616
1847
914
186
1042
415
466
472
712
1560
2501
1759
1483
65
55
176
1109
391
1077
845
2272
1969
2502
2366
2179
1815
1823
618
118
1857
878
214
1325
819
251
603
689
1305
591
1687
1505
1776
1351
1966
594
462
560
1052
489
623
2227
660
2092
1738
947
2276
380
1429
272
1194
2511
1184
2280
981
1080
220
2549
713
68
762
850
2198
1912
813
1793
2397
189
413
747
63
2413
2404
293
1155
2485
1386
1706
416
1827
31
1778
422
1948
1418
1908
54
2145
1177
98
2345
530
702
2443
827
785
1611
1644
1396
274
1609
161
1628
1674
1504
2370
358
1363
1792
923
152
2031
2153
699
492
1030
1520
2079
1486
2548
1451
864
1421
1439
733
711
1265
1074
577
2229
1861
1836
574
926
742
1376
490
1499
377
519
661
1666
1481
334
1698
1055
517
2240
2015
1122
2545
671
1333
722
1093
2096
2182
907
707
696
2295
808
1837
2180
322
1395
862
881
16
2449
2360
365
2051
183
1186
1241
1262
2472
2143
2436
578
443
728
912
587
13
410
1430
2046
2226
1043
1294
528
402
90
2237
2325
1306
2438
1328
609
800
984
748
1989
2045
325
2174
2342
2007
709
1841
459
1911
1000
2173
1189
2266
2460
100
45
2258
246
1752
2650
592
1355
1682
2975
1018
350
2385
2256
305
2396
291
411
973
1272
919
2514
869
503
1593
569
39
652
1540
2101
257
2482
1538
1568
694
657
4921
2253
1982
2362
880
386
868
2425
271
1565
532
1466
2235
340
2349
1223
375
986
498
1377
736
1283
715
1111
3253
2386
596
1491
2400
1547
1069
181
643
2519
1054
2148
2411
639
513
1394
934
302
329
1917
2014
5
1779
799
75
1647
927
2339
64
2059
66
1173
995
1926
2072
1598
666
678
1465
510
811
2188
2343
1739
734
1028
310
2401
67
589
264
1480
2238
1180
2278
2285
1130
1732
40
2376
1266
381
398
685
1580
708
1234
2340
756
2457
543
2490
724
2310
1968
2534
1212
1535
1137
4935
211
802
2484
2242
8
635
38
2249
1990
617
999
1274
46
1672
400
1643
890
1642
1337
435
1999
4547
797
2117
328
91
1422
648
1887
1885
488
511
2251
520
644
266
1822
2018
1065
1636
349
1267
122
2077
1288
662
769
1844
418
198
2172
1646
1765
327
924
2532
2144
983
364
287
2075
1482
1676
1974
3618
1967
1658
1876
783
2233
210
94
2535
269
1640
607
184
909
688
2410
2341
2106
405
2171
717
4489
2073
3092
2296
160
597
4733
1412
1040
746
2430
34
2422
1811
1992
103
684
1865
2744
2512
2261
2498
2508
1807
624
1915
2183
2307
1707
789
632
115
916
163
129
159
776
822
674
2649
4145
561
516
1444
2006
388
2509
1867
1478
4887
1785
2199
1084
1764
3285
376
979
221
1170
1960
2496
339
601
2274
1953
2170
933
3442
29
249
2525
3640
1476
332
2210
2444
647
2399
2547
906
360
3697
634
419
2327
4782
2481
1942
2699
1696
294
4083
1112
1940
58
2271
939
2037
767
128
538
2483
2169
82
1846
2491
1345
2756
1581
234
514
2518
1003
1829
2442
1985
2252
3841
2058
2133
2330
1415
2453
408
956
101
17
3676
218
798
2489
4280
2773
1302
2420
899
2069
2471
1260
1470
958
3287
2010
664
235
273
1041
4520
2526
626
83
3743
2109
276
2167
1393
612
212
1689
3162
3973
4725
4655
1881
1924
2298
3
3727
289
2187
1551
3222
2290
602
1728
308
2967
4462
1139
3510
1498
793
4577
921
2049
3149
401
2259
4537
2435
4625
3791
1172
1081
260
7
324
4878
3212
1405
2302
4144
1719
2603
928
1684
3043
475
1889
2019
2911
2758
2428
925
3395
1937
917
3307
622
1631
985
738
1319
604
477
277
1656
680
915
2536
857
4742
3302
3213
3436
991
1819
4516
1296
768
3482
599
1147
2297
3480
1673
887
910
1958
1271
4184
2497
3369
4454
3047
3038
3354
2221
1304
2439
704
4557
1852
3908
675
1226
3087
3806
4434
3880
732
1311
2057
2527
1282
2905
1021
706
3416
518
2323
642
4236
4027
4123
238
3684
2434
3772
2175
4141
4632
616
295
3861
568
2082
373
3358
4199
3533
817
292
4909
389
204
2195
575
2938
1038
4807
2750
2402
700
4451
2602
4279
2954
3665
2023
766
3265
3605
3581
3548
720
1781
2060
3587
3762
2577
1878
621
1907
3472
534
4293
3858
849
542
2488
359
3233
4503
920
2270
374
1620
630
1751
3232
4702
4686
2480
2281
989
842
4696
867
4261
236
3019
25
4326
2613
1769
4095
1938
1607
905
2516
2324
4185
2633
1264
3715
4222
3585
1526
399
665
2987
2753
3952
3145
3458
3244
3124
4937
4251
4255
1569
383
2612
1197
2951
1657
752
1638
1516
4438
908
885
3039
918
3912
18
3708
2927
2677
2166
2958
88
2598
1140
2139
2094
4242
504
2493
4576
3887
2906
3076
2554
4689
3836
4110
4539
3364
608
1595
86
2517
2687
1932
2931
3118
4586
4369
2181
1216
1539
4913
3719
4116
2914
2810
3414
4309
2592
2782
3083
2762
807
2843
3566
4792
3807
3374
2720
576
3661
4889
4029
3079
770
565
434
3756
3931
4499
3254
4450
301
3775
3114
4158
4664
4898
3294
2215
2392
698
718
4126
2617
2887
4468
4658
3730
2715
4272
4718
4723
4163
4314
4393
3026
1596
730
4120
4498
3849
4641
3331
2892
2719
4404
4777
4768
4092
4680
4668
2960
3746
2916
4315
3049
4019
4202
3154
4649
4902
4593
3069
3716
3175
3515
4323
4672
3000
3180
3132
584
4567
2569
3425
50
2973
4844
3891
655
2665
3655
3291
4329
3464
3456
4575
3341
2203
2723
4099
3967
4258
3048
4128
3263
4342
4223
541
2447
2872
3317
3695
3152
4865
3493
3198
4711
127
4058
2929
3914
3562
4784
3454
4196
3193
4402
3869
3803
3169
527
3335
4076
3698
3948
3338
911
4580
4616
3802
3984
4899
4619
731
3148
2647
4879
4743
1250
2605
3704
4588
2523
4747
3623
2879
1583
4862
4722
4919
4353
4162
133
4850
1534
4626
3598
2648
3578
2969
2784
4833
4122
501
3406
4250
2965
3663
3320
3949
2704
4857
2730
3793
3800
3854
4389
2829
4650
3991
4370
348
4337
2977
3752
3283
3352
3595
3680
2260
4502
2983
2467
3075
4442
3712
2666
4246
4469
4548
4724
4268
4213
2752
3496
3373
4492
3856
3733
4387
3134
3702
4859
4380
3997
4253
1972
1142
3737
3700
3361
4164
3811
4044
4804
3382
4720
3567
2662
3843
4406
3430
3350
3837
3450
3613
449
4880
4603
4078
3959
3194
4392
2884
3078
3838
3857
4532
2624
3286
3077
4766
3809
4103
4892
3668
3790
2674
852
4929
3129
4171
2717
2678
3669
2524
4147
4009
2740
4553
3898
3435
4480
3274
4228
2584
2575
3580
3266
3749
3882
4797
3766
4822
3528
3794
4025
3273
3249
4785
2976
2849
4233
3998
3855
2830
2685
1114
1956
3097
4150
3722
4286
2621
4327
2847
3167
4496
3127
4051
2664
3268
3485
3151
3391
3765
4778
2859
4770
4180
3963
2701
4313
4381
4351
2798
2955
3529
3767
3978
3672
3797
3390
2808
4662
3915
3282
4464
4635
4901
3777
2992
3543
3156
3907
3607
3691
4269
3801
3699
3101
2642
2868
4055
2836
166
3091
3900
2589
4788
2816
3015
4155
3033
2713
3470
3192
3872
4125
4814
4330
3096
3400
4701
4761
4091
3784
4262
3184
3288
4559
3527
4665
3292
3586
4511
3384
1648
2494
4212
3542
3319
3433
3876
1975
3378
3611
4460
4108
3334
3670
4138
4281
2989
2880
3176
4177
3383
4276
4916
4306
4399
3729
4905
4526
3505
2997
3170
4376
3805
3318
3932
4379
4421
4403
3322
4082
4400
3936
4221
3207
3126
3267
3218
3664
2590
3576
2797
851
4006
4011
3312
4524
3739
3557
3024
2601
2822
3650
2917
3827
1145
3938
2718
3866
3178
3599
2684
3530
4864
3992
3387
2791
3220
4429
3473
3986
4024
3098
4564
3428
3492
2734
4071
3561
3819
3332
3840
4601
3930
4415
4840
2899
2675
2531
4398
3701
3953
3692
2815
2656
4475
2354
4263
3130
4695
3946
4357
4487
2441
2672
4776
3990
4472
2953
4911
4371
2124
4093
4132
3706
2857
2682
4094
3471
2882
4940
4252
4237
3444
4390
2669
3426
4310
4291
3619
2451
3040
4847
4531
4142
4419
3375
2591
2424
4075
2745
4647
4767
2607
4826
4679
2828
3878
2820
4783
4300
3476
4551
3133
2748
4471
3813
4087
3103
650
4617
2643
3993
3910
3539
4651
4881
2564
2964
3357
1100
3920
2947
3686
4254
2802
4891
4569
2663
3540
4578
3507
3002
3658
3381
4340
3828
2913
4555
3231
404
2506
2902
4560
3769
3799
3823
4759
2924
2885
2578
3817
4046
3163
3983
2659
3645
3060
4622
3922
2456
3449
3108
4209
2616
3434
4486
3415
4829
4131
3478
3863
3979
3336
3568
3895
3219
3622
2876
3407
4924
3297
3833
3242
4852
2841
4527
4670
4021
4005
2999
2652
4614
3088
2630
2900
4282
2637
3209
4084
4296
4355
4583
1008
3721
4596
3109
2979
4811
3738
2588
4752
3235
3842
3552
3575
4739
3216
4121
3422
3061
3929
3146
3445
4660
3713
3499
4700
3705
2871
4764
4119
4151
4441
2968
3835
3906
2579
3399
4411
3308
4744
4182
3138
3217
4418
2833
2729
3012
2667
3310
4659
2557
3759
2856
4618
2515
3771
3140
3995
4823
4491
3295
3353
4349
3509
3631
4089
4397
3626
4274
2594
4620
3687
4417
2533
4339
3437
2455
4109
4304
4137
2907
2878
3376
2440
2593
4354
3975
4801
3155
4386
4298
4483
4320
3065
3597
4939
2
3277
2566
2454
3159
4907
4284
4157
4191
2479
3644
3694
3271
3897
3355
3360
2510
4816
2811
1009
4432
3656
3614
2788
1800
3455
3976
4030
4735
4193
3845
3344
4600
3745
3583
3223
4423
4594
3423
2839
4059
4188
4205
4806
4572
2561
3431
3258
4343
3966
3763
4187
3792
3243
4218
4409
4697
2600
4673
3734
3610
3673
4765
4226
4362
4566
4135
3893
3896
4165
3758
3577
4932
2837
4192
3696
3438
3182
691
4244
4105
4069
4426
4683
2940
3545
2765
4568
3188
2505
4748
3224
4413
3628
4072
3571
2673
4259
4100
3674
3440
3554
2686
2702
4728
4842
4732
4012
2817
3389
2570
3261
2452
3950
4436
3095
4927
4063
4405
3690
3885
3135
4755
3825
3943
3541
4299
3340
4781
3688
4401
4266
4488
2896
3572
515
4630
3035
3703
3760
3123
4453
4043
4796
4529
4890
4771
3144
4884
4297
4565
3257
3741
2919
725
2972
4307
2980
2844
2941
4518
2909
3508
3602
2998
2433
3638
3666
4098
3339
3299
2767
3870
4452
4247
3560
4574
3362
4321
2921
4597
4249
3236
4444
4048
4020
2769
4513
4579
4245
2883
4573
3164
2834
4101
2881
3786
3181
2772
4374
3208
2990
3001
651
2710
2994
4169
3865
3226
3829
3764
3120
4813
3956
4271
4211
3654
2807
3452
3303
3457
3634
4270
3042
4465
4908
3981
4335
3028
3112
3197
4562
2492
3815
3463
3711
3404
3873
2736
4148
3928
3565
4794
3067
4715
4295
4835
4028
4581
2766
4449
3506
3525
3315
3871
4582
2945
4509
3328
4609
2789
3321
3796
2966
3296
3630
4920
3275
4690
4590
2560
4845
4482
3677
2971
3551
3165
4805
2923
4615
3085
2731
4726
3675
3347
3432
4356
4066
3417
4316
2860
4541
4324
3239
3609
2567
3363
3411
4643
2463
4846
3491
3859
4485
2655
2912
2898
4709
3517
3689
4039
4931
4215
4918
23
3531
4896
3247
4561
4707
4057
3203
3056
4623
2611
2696
3200
4763
3110
3365
3980
2783
4285
3238
4855
4745
4040
2469
4645
4508
4114
3924
3864
2703
3025
4682
4841
3306
3616
3073
3345
4666
3831
3564
4688
3058
4139
3405
4220
4780
2700
3368
3988
3305
4798
2466
4338
2722
3014
4501
2726
2660
4915
4885
4461
4361
2982
3925
4260
3814
2586
3960
3062
2558
2743
2565
3795
3004
4941
3935
2725
3547
4753
3969
4175
3251
843
2653
3179
4856
3191
2727
3927
4654
3250
4772
4545
3761
2903
4287
4729
3804
4179
4817
4290
3021
4161
3388
1010
2711
4612
3972
4049
4336
4328
4607
4074
2597
3881
4198
4267
2910
4546
2618
3157
4166
3848
2680
3951
2541
4737
2645
4170
2963
3667
2978
2609
3768
3409
3502
4589
4283
4153
3573
4746
4470
4675
3349
4510
3486
871
4922
3818
2759
3751
2581
3446
3211
3538
4854
4476
2638
2728
4904
4653
4882
4430
2799
2961
3773
4738
3890
1567
1263
2806
4368
3185
3490
4275
2944
4799
4494
4708
3484
3068
3324
3116
3104
4731
4631
3892
4691
3466
3596
4556
3418
2507
3008
3023
2620
2852
2957
3453
2928
2546
3166
3787
4081
3574
3553
284
4910
4687
4629
4493
3172
2555
3494
4604
2614
4853
2707
4160
2676
4395
2681
3474
4203
3782
4384
3521
4219
3272
3516
2741
4517
2936
2855
3044
3683
3710
2805
2853
4133
3911
4515
3750
4032
3620
3606
3228
4656
4736
2873
2712
4638
3495
4694
4621
3030
2875
3964
3424
2840
2988
3196
4930
4906
3063
2431
4394
3314
3122
2697
4832
4505
4216
3681
3202
3429
2757
4457
2948
2858
4466
4207
2809
4938
4408
4443
4779
1747
2468
4183
4227
3333
4234
2628
4
4849
4061
2733
4762
3385
3359
3443
3523
4894
4204
4007
3736
3899
3853
4096
2574
4017
4815
3462
3105
4874
3107
4301
2866
3346
4866
2693
4819
3137
2932
3168
3380
3588
3558
3559
3657
4477
4727
3555
2462
4628
2747
4414
3884
2634
3514
4373
4897
4828
3461
3603
4926
2587
2842
2996
4787
4713
3081
3086
4831
3465
3259
4111
3957
4214
2735
4375
2867
4523
4231
2986
4684
3532
4514
4693
3007
1515
3187
2777
4112
2901
4868
3125
3205
3844
3519
4229
3252
4363
2706
2890
3816
4883
4598
4134
3173
4217
4243
2599
3420
4928
3489
4346
3913
2778
4178
4821
4591
2813
0
3839
3789
2993
3392
4495
3886
3393
2573
2804
3487
4064
3754
3940
4756
2737
3054
2381
3027
2749
3812
4097
4642
4062
4820
3262
4303
4903
2874
4428
2353
3958
3592
3933
2889
3641
3111
2959
4652
3427
4289
3410
4587
2950
4396
4000
4437
3072
4140
4875
3128
4734
4536
3862
2559
2939
3419
4352
4640
4037
3707
4107
3774
1181
2207
4795
3968
4159
4663
4331
3227
3117
3904
4018
2755
3903
4877
2956
2888
4888
2186
3720
2604
3685
134
3460
2818
2991
3475
4257
831
4197
4265
3010
4113
3909
4317
2763
3883
4534
3636
3082
3652
3090
2625
3742
2851
4238
4388
3524
4240
4079
2670
2692
4705
3961
2572
4571
3398
3264
2761
2709
3888
3351
3601
4143
2764
3748
4308
2646
3372
2724
3441
3215
3327
4277
3113
3171
4714
4167
4383
4364
3563
3316
4634
2679
3467
3029
4241
3753
3280
3604
4052
4154
3059
85
2926
4085
4716
4022
4637
4463
2606
2635
4439
3256
3503
4195
4088
4302
2793
4558
3648
2742
3240
3278
3459
2640
4294
3402
2786
4325
3115
2583
3396
3821
3139
2608
1169
4528
3005
4843
3600
3394
4168
4876
3834
3526
2774
4661
3403
3653
3724
2800
116
4358
4117
3579
4674
4869
3629
2689
4644
2714
4542
3867
3106
4544
2869
2775
4791
3136
4818
4925
2962
3234
4334
2795
3624
2864
4834
3225
3279
4504
3965
2585
4914
4769
4127
4115
4773
3798
4848
3071
3269
3190
4803
4646
3647
3210
4407
4345
3370
4827
3757
2984
2862
3788
4319
3612
4775
3371
4455
3770
3569
3131
2792
2738
2671
3089
4473
3448
3822
4224
4194
2691
4704
4873
4467
3481
4871
4189
3013
3901
3970
4458
2760
2801
3289
3850
3744
4521
4053
2781
2732
3053
3625
4422
4347
3994
3119
2832
4041
2970
3944
4278
4208
2846
3985
3479
4790
3808
3451
2780
3304
4322
3723
3678
4860
4033
4181
3989
4636
2698
3501
3937
3045
4870
4474
3147
3412
2895
4540
4174
3177
4692
4047
3615
3348
4333
2838
3477
2657
2934
4507
3469
2768
3003
4264
3877
4710
3852
3731
4669
4538
2823
2654
4102
4067
4235
2695
3246
4118
4054
4425
2904
3820
4605
4034
2528
2683
4003
3174
3851
3642
4172
3143
4156
2814
2636
2922
4570
4350
4830
3366
4130
2861
3826
3298
3070
2949
3902
3725
3781
4201
4809
4717
3534
4584
2461
2627
4608
2432
3337
4703
4377
4639
4936
4525
1397
3150
4825
3589
3923
2470
3074
3780
3971
4412
3356
4802
2746
4484
3977
3099
4549
4050
2262
4808
3386
3593
2942
3728
4800
4080
3947
2831
4104
4186
4758
2754
4004
4633
3832
3860
3018
4836
3679
4706
2694
2537
2908
4895
4613
3237
4667
3639
3778
2854
2632
2582
4657
3199
24
3847
4152
3329
4445
3325
3031
3917
4391
3309
2705
3646
304
2827
3050
3584
3939
4042
4750
3183
4535
4478
3830
4552
3055
2690
2571
3293
4774
4512
3513
2595
4288
4530
3846
4036
4479
3779
3824
3918
4543
3544
4446
2930
3284
3718
4599
3260
4348
3036
2563
3189
3330
2688
4026
4681
3186
3974
4611
3582
3066
3879
2661
4699
3954
2770
4812
3080
2893
2845
4225
4045
2974
2668
2576
4606
3556
3919
4002
3270
4917
3230
4190
4824
2716
3497
2803
4721
4867
2785
2946
3671
3221
4318
4730
4789
3046
3011
4365
3649
4077
2826
3776
2445
3016
4698
2629
3326
4073
2623
3084
4459
2985
3659
4934
3926
4070
4248
2933
2739
3161
4385
3300
2821
3549
4858
4595
3747
3693
3397
4010
4712
2937
4001
3439
4256
3281
4810
2568
3955
3682
3889
4839
3512
3051
4872
4440
2850
4933
2925
2865
3121
4793
3094
3874
3633
3570
3343
4136
4740
3009
3590
2886
4676
2863
3342
2796
3875
1078
3153
1329
3783
3367
4456
3894
2751
3102
2562
2918
3608
4378
3637
4232
3916
2870
3518
2644
3214
3483
4554
2615
3632
4424
4124
3017
2920
2464
4912
3522
3064
3142
2935
3785
4719
4206
3709
4677
1085
4522
3468
2952
3276
3301
4610
4506
4149
4344
3755
2787
4031
4068
4500
4273
3311
4014
2995
3740
3996
3229
3735
4563
3934
4341
4490
3999
3421
4760
3290
4627
3379
4312
3248
2651
3941
2794
3323
2790
4065
3594
2894
2891
2513
2556
4749
3617
4015
3141
3546
2897
2819
3627
3651
3714
4035
3488
4624
3201
2721
4427
4060
4786
4367
4210
2619
4176
3100
3511
4416
4481
4851
4366
4838
4420
4332
4013
3447
2981
2542
4382
4550
3868
3962
4923
4585
4448
3982
4129
2639
4086
3550
3020
3662
3945
4671
476
3536
2658
4230
4106
4016
2641
4900
3408
4533
2622
4741
3041
3810
3034
4359
2812
4751
3942
4678
3037
3204
3535
3195
3032
4239
3241
2771
3500
4146
3635
4038
3520
3726
3717
4008
4648
3158
4602
2631
4431
4886
4311
2776
2580
4592
2848
2779
2915
4519
4447
4292
3660
4090
2824
4685
3498
3401
3591
2835
3160
3413
4435
2825
3093
2495
4837
4433
2708
4056
3643
3537
4861
3987
3313
3245
2877
2610
4893
4372
3732
3905
3006
2596
4757
3621
3377
4497
4410
4305
4754
3022
4863
2446
4023
3052
3504
2943
4200
3206
3255
3057
3921
4360
2626
4173
