3670
3338
3369
3339
3668
3729
3727
3636
3734
4059
3326
3342
3373
3325
3352
1185
3749
1065
3591
3597
3592
1449
3825
3863
4020
4080
3323
1491
1480
3809
3590
2043
3598
611
1453
1466
3354
1411
1183
1412
3675
816
3639
3696
3341
3661
320
3642
1404
1403
3699
3388
3328
3614
1427
2044
1429
3698
3691
1409
3677
1157
3664
3331
3692
3834
299
1222
1512
3695
1259
3756
3334
2045
266
1344
1527
504
3894
4924
3638
1786
1478
330
1447
461
1481
1358
1418
1252
3686
2046
3351
1529
3651
469
3644
2042
3335
347
3371
828
3687
327
1496
1476
1540
394
3931
1417
521
4157
1145
1543
3345
3617
3658
3666
1473
3690
1255
792
3612
2041
1392
1467
1486
1506
1460
201
3603
3680
1423
1784
3684
1459
1522
3347
3587
3679
3681
1524
3376
2800
3700
1348
3633
1436
2575
4695
1451
375
3600
3595
629
1485
69
343
309
3154
3317
42
3318
1497
393
105
3914
5
1415
1410
1493
3976
4617
1439
4035
3350
3693
78
80
118
3586
1420
3723
1525
2047
1441
3844
1489
84
1516
3660
1507
71
3641
3648
127
3655
61
3601
3845
3370
75
32
50
83
119
2811
73
3758
1490
1521
35
1419
3674
3705
1519
1122
3389
1430
466
1824
4173
561
63
131
1445
3626
1482
3385
38
110
4214
3816
129
312
349
3631
3706
4853
3358
1539
4406
179
1499
3343
658
70
311
3378
1694
3656
1513
348
3730
126
1074
762
91
3621
1475
52
4459
99
275
3915
3703
59
344
3721
3329
1777
3310
3613
37
4499
55
3714
3258
1060
1542
41
3357
3284
548
1825
3594
1170
614
1862
1477
4914
134
876
3340
3710
1325
85
4389
4152
655
1220
3609
3672
122
3383
1351
788
47
836
199
3880
3364
4031
632
39
3312
1444
4823
1537
3382
900
3201
1438
1440
4827
591
4342
3604
1343
3846
3309
4275
3807
170
368
338
89
4559
96
464
1869
90
4631
1955
3707
3697
3337
4055
302
1209
4151
2582
1536
3916
3862
3327
124
4599
1581
789
551
3719
2513
30
4453
652
1504
2675
4106
1102
4842
43
535
4952
4169
3960
1175
337
3375
3685
103
74
3781
181
506
1247
1648
1213
785
3322
3372
326
3842
4927
3694
4788
4707
389
4690
101
666
3381
4008
872
2456
1191
3359
902
1266
1434
2747
3678
3667
4402
4515
3348
733
1503
3333
873
3374
1182
1500
1509
534
846
4578
296
252
1505
3921
1458
3584
690
585
1442
3619
380
1094
4193
3063
3788
1452
4702
4126
1774
4407
283
508
4570
1050
2182
1278
1488
1479
680
2782
128
3673
1531
704
4435
4903
2630
4220
4524
964
2357
4958
4410
356
3627
4979
3799
3840
3817
3314
272
4711
3891
4809
2605
2985
1847
2350
4948
4478
4856
82
1012
1495
1025
3757
2772
1463
2161
4145
3649
3902
4585
1975
3831
4135
19
3602
4136
1356
2681
4896
117
2490
3933
3748
3153
853
4120
3136
1435
778
3615
3713
662
3319
814
3588
2770
4115
4716
1572
3616
3716
689
3081
3569
1092
1574
1790
4150
725
3854
292
1130
550
4644
4633
1021
3622
1087
4436
2912
3650
3798
2360
806
3849
3287
3169
3108
4462
610
10
2717
4426
1237
4432
1039
3332
2206
1026
1511
4906
4759
3311
287
4163
1535
1454
1538
3088
616
4137
2725
67
1174
3986
3073
1127
2283
3777
3629
279
3632
1763
3131
3671
2271
2944
3711
1132
3889
3384
3662
4049
3968
1196
144
4326
4861
3732
4580
2853
787
3795
88
3746
1498
1528
499
3324
1810
3036
4170
4370
4929
3596
1207
511
4040
1755
1776
761
740
2319
4090
4156
4800
3971
516
206
317
1446
3379
502
361
3053
2972
1865
1270
4648
2180
4966
487
2034
2133
3386
4825
1129
4113
2099
2967
247
4498
3848
2727
3828
21
3634
3855
4926
1764
1359
4982
4075
3997
329
1964
1040
1037
2958
3920
2617
49
3802
1302
222
5014
174
4141
4902
4091
805
3708
3645
3975
4053
2753
1067
4563
1787
3887
3248
1293
758
2583
1023
5021
4450
4622
3637
4915
3996
2645
4442
547
1068
2090
763
465
3593
2450
3839
4726
3785
1743
4117
3688
921
1111
4415
1141
3878
4375
603
1952
3953
3829
536
93
4616
4153
2888
3132
3989
1100
4271
4734
4571
4094
4097
4720
68
3954
1166
2890
1804
3759
4046
2051
771
784
435
3754
4189
1684
4831
4932
1965
4238
1322
4725
4946
3736
4431
1254
4338
4602
4042
2830
3941
849
3808
411
273
4043
3774
4316
845
3948
4928
51
4816
3864
1332
4951
952
1144
4234
4597
553
1299
4939
2619
3330
4544
4671
77
755
4295
4030
57
4125
975
318
2530
3579
3865
1119
4297
1405
3818
3701
158
4460
3946
3992
4318
4978
444
3741
4857
646
3786
1972
260
3391
5006
3830
4005
382
4209
1361
4765
212
3805
4678
97
1284
3505
3501
100
2567
4921
4161
276
198
4211
4634
3879
3873
255
6
4413
1136
2118
3021
4537
5016
3982
2979
4112
815
1072
2433
3643
308
5008
4029
4208
3725
4003
1113
4072
4449
3135
1128
4296
3652
1329
161
3949
1781
254
1134
3918
395
149
3784
5003
3957
826
3909
4643
4341
3465
601
4730
3981
1431
489
4412
3923
1903
4164
4615
1011
3797
556
2386
4884
3901
3789
2540
177
3779
46
4879
4913
5004
4890
2381
2245
2020
4215
1269
4138
4353
4721
708
4287
3935
4337
4278
1455
2471
1265
448
3819
911
4686
2260
4085
4661
2258
4509
3377
4891
4627
4993
4272
1416
737
2203
4180
4329
4717
4356
98
3303
673
776
4239
4255
1019
54
4728
4195
4176
1545
4305
4782
4488
3392
587
3800
4623
4897
2578
2466
4438
4558
5011
4387
4685
4418
152
1
1886
650
4257
2984
4900
4047
4718
2648
4359
4004
130
3659
350
4704
2113
2902
4535
4508
572
623
451
3871
4203
4821
4168
3094
2571
4347
4128
1226
11
782
4122
3260
4941
4083
2143
1112
4763
166
3790
1223
3841
574
4149
4304
1078
701
1063
4814
3548
15
4057
2589
360
4084
635
4237
3877
4680
3927
1558
4805
1383
12
896
559
3733
1190
301
3728
4829
3943
4330
1333
3852
721
4830
3243
4916
4192
4794
333
478
558
4223
4925
4182
904
1168
4822
2094
4235
4750
4700
3273
3966
4142
1321
185
4569
2757
1082
4683
4898
4606
2892
4886
2584
4567
4027
4487
3984
3823
4155
81
56
1752
1428
3929
4835
18
2803
4922
801
3835
3173
770
4919
1340
4893
2696
1388
808
594
4433
914
4672
189
1024
2003
2897
367
4573
4038
109
4372
2588
468
3965
654
1125
3259
533
4766
1308
2000
3821
1585
944
3076
3998
4609
3990
1264
3937
3635
1171
525
1231
4069
1004
3176
4584
3811
3882
1331
4376
165
4062
4108
108
4801
207
4360
3791
1159
1494
171
1097
2556
4456
665
4349
638
1038
125
4006
1131
2568
4123
1873
3306
4984
1857
3086
4520
342
854
4300
4837
2744
3096
22
3241
3537
2970
1233
4506
3932
2309
3753
4251
440
4873
458
4099
617
2361
4398
291
4687
2086
1172
4748
4022
390
3074
116
2590
837
3913
2080
4017
3095
2597
4723
3623
2978
2870
1387
4188
319
1562
4870
3869
1879
3618
4207
4908
644
692
3983
3826
4653
2053
1137
4503
4092
1227
4647
1283
4457
544
413
2858
4673
4425
2126
1202
4956
3547
4458
2144
4826
3792
1069
442
4881
1924
730
793
4642
2278
4088
4366
4365
595
2779
505
1225
3961
2485
186
248
4196
1076
797
4479
4067
4806
3010
14
957
4636
663
697
2489
4299
3503
2448
711
4650
1280
1727
1645
4184
398
1633
2413
3851
4076
1549
4796
4817
752
4889
2551
1027
4746
3490
480
3906
835
209
628
1110
2370
624
3344
4373
2572
3820
4395
2626
3277
459
4969
3764
1534
136
4669
307
862
4743
4639
1140
2679
2587
1938
1275
2371
431
718
1020
4614
2642
2207
4824
3423
546
3482
3773
3872
188
3762
2658
140
968
3488
716
3794
121
4244
423
4618
3881
649
4467
1051
4362
4288
1749
490
1520
2657
659
4110
4129
682
777
4582
588
790
4280
598
4797
1297
4015
4494
1871
290
821
3090
4393
132
1177
388
860
827
486
3022
4265
2243
2781
798
675
4441
1249
4363
120
3787
3267
1515
4320
3300
4681
4500
4986
2585
1628
25
3866
4247
1956
1200
1929
2933
2793
1326
1246
569
597
1211
2088
660
3174
4181
1900
727
3742
500
4185
4530
2059
1870
1421
258
4279
3549
2249
3605
1949
4461
933
885
2342
197
4298
1658
1143
4789
3121
1570
4705
3974
2690
4009
4354
4268
3847
1079
1324
3874
460
1030
1303
3738
1085
895
2068
3526
183
2447
1836
4878
669
403
1339
749
4473
4997
2081
107
3988
2934
3299
3907
878
4489
3575
4854
300
4103
1667
2439
3814
4613
3229
428
4484
3765
4605
565
1242
4526
223
4206
1029
4658
3279
4256
1161
3850
4397
1319
3803
1649
4894
2104
3782
696
540
562
3513
146
1294
3242
2896
241
1354
321
728
2796
839
3761
2844
4955
452
4933
331
3908
482
4587
1317
4266
1357
3298
5018
3766
4608
1483
4883
4736
976
501
1366
2187
3712
1523
1289
1818
4684
3532
3995
2671
429
4943
4350
2255
767
570
4408
2276
3924
687
1780
23
813
4093
1217
4865
4434
4517
4834
1307
3940
1245
4753
759
626
4920
4331
1766
1746
4409
2894
2380
1502
384
1338
1314
3903
456
1310
4511
2917
1272
2225
5001
1323
1286
24
1194
4664
1718
4346
4328
1533
453
1103
3207
1426
780
1281
4833
4549
4204
3276
4598
1287
2573
3967
3838
1443
3837
3812
2786
226
881
1508
889
4283
2141
4333
4497
5015
379
2392
3404
3886
4974
1240
2212
1372
3760
799
795
869
756
4959
1891
903
263
4696
492
3959
901
2390
232
236
2504
3771
3895
981
4058
2282
668
2
2974
4159
2846
4322
4177
477
1181
104
833
566
888
3000
4191
773
4240
4724
4989
1402
1244
4109
4846
3620
322
2007
830
1778
2232
1147
3083
4557
4381
676
1586
4803
757
4334
176
3109
1335
4187
3999
1268
4034
493
4227
4651
2936
2343
418
3520
3157
259
3625
1320
4581
4210
27
498
1378
463
4364
4604
639
4793
555
4910
4421
4965
4733
3737
151
1791
5022
1617
4858
1712
4523
2183
4213
76
3654
4521
3116
3001
1180
4820
4872
685
1152
2262
454
3122
593
1414
4262
2055
3783
2982
1300
1201
387
4518
1350
4754
4086
2644
3955
1090
2576
4528
874
3836
2336
2674
4912
642
4230
4024
4812
3202
267
538
1337
1609
3775
216
2745
804
552
934
2168
4744
4310
4953
3925
1238
619
627
4021
3233
4190
517
4848
4911
1400
3875
4130
2580
823
811
4970
4474
3860
432
3899
512
1109
278
4261
1208
775
3224
3793
1605
40
4936
735
510
3653
1654
1146
417
3320
693
2639
4383
625
17
4250
4904
3815
1860
3657
613
747
4629
3715
4002
1088
2436
4712
4510
203
4937
4023
138
4840
1603
3005
576
1859
2737
244
4263
2341
1327
1115
3778
4752
4550
1448
154
844
3356
1341
4553
2375
3244
1742
539
4302
1271
2292
887
325
2760
4357
293
2515
476
2116
4994
358
783
2358
362
328
1345
4525
4625
4147
238
4028
1850
1118
4291
3806
1829
196
2815
229
4775
3193
2115
1347
2816
4632
3011
264
997
1363
4783
4646
1054
1601
4134
4514
3349
2676
2995
4688
3387
4200
4414
4308
621
2962
4811
1216
4626
554
462
2346
584
3272
1160
2284
2155
4662
1198
1218
4070
2165
4756
4992
1047
4368
1215
1641
681
4777
4361
1250
3257
3724
3767
1614
4621
147
549
4140
4934
2153
3461
4016
20
472
3919
4224
4768
65
4758
820
699
3102
4374
4745
4699
1530
1353
4253
750
4101
3536
4396
4483
133
289
1997
3885
1462
4221
4905
3508
4882
1380
3722
112
314
4167
3647
1243
1514
4847
474
3905
1518
4547
2418
3676
2501
4996
4983
742
3630
4779
2202
4548
2611
3293
4314
4987
4481
410
4073
3926
4066
157
316
1165
1374
1951
1184
677
4764
3105
3307
4281
1729
3682
1062
2754
29
483
1167
2849
2875
1670
4656
622
4654
3301
526
4292
3934
3867
4590
3776
530
4100
1066
4378
1887
111
4761
3440
4343
1433
3876
4755
4804
4732
4205
4575
3261
1848
211
1422
3246
2616
698
4536
1267
193
557
4780
1968
1306
3628
4469
4790
640
580
86
481
541
2327
4899
3951
764
4601
774
3308
1288
1342
3896
2738
1081
2646
277
647
3942
3768
438
1276
494
4007
4131
313
1668
4895
4194
1163
5020
4277
1360
2151
4273
4670
467
426
710
1930
4466
3238
4391
377
4420
3097
341
3093
1700
4032
753
3917
2124
4274
2898
443
1108
518
589
422
269
447
2434
4741
4369
4222
2672
4960
1750
2424
4060
3952
4534
2403
3801
285
851
1795
4973
4676
4068
1212
2545
4729
4245
4564
4071
3484
1253
3346
3140
524
4172
4844
4901
618
4044
4160
4417
600
3897
2330
4533
441
4715
1830
3321
1235
4638
3853
1771
2966
4843
4988
445
5000
2808
268
4819
3977
141
4677
528
4382
678
1362
1594
2899
355
2699
884
220
1656
1036
532
4659
4217
929
1256
4286
1334
679
392
139
1290
5017
336
841
2635
1823
1368
235
4836
1899
4603
2296
1682
4401
822
455
571
4139
2688
3991
4950
4229
4012
4887
3438
1098
4312
3769
2497
4832
4592
1644
1555
1969
4321
4810
4183
2492
4849
4799
4344
4607
688
4588
4218
4769
3114
4719
993
288
3750
709
45
1312
3285
434
581
3973
4252
1149
1114
2795
1702
605
4786
772
1075
2347
4074
4339
4665
684
4957
4384
4475
4289
370
3581
4742
257
4591
1892
414
4448
4931
4290
1189
818
1135
1148
1550
1532
1437
3993
1176
4863
1364
714
4868
4977
1517
4555
4133
3445
407
870
16
284
4270
1192
1206
2953
879
1739
4019
568
2577
4770
1386
807
1390
4798
3689
4637
1375
1501
3904
932
1187
4033
832
1553
369
3824
282
4507
4565
3459
686
2881
450
1822
4583
4178
779
2712
4995
4944
3772
4243
2622
446
4089
4054
599
228
4594
670
1607
1091
1084
4324
3950
3752
221
3979
280
261
204
1584
4440
345
4427
1793
4063
527
175
4579
3910
1295
315
4967
2555
2348
1866
2559
1877
180
2647
3012
713
935
4850
4566
1123
842
249
4568
1367
4301
4531
2001
739
800
4767
4652
1305
397
4455
3822
1195
3980
1124
3702
3478
2532
2129
4348
1313
2331
3462
304
1095
2035
3232
4102
4505
4828
1620
4991
882
1316
286
62
4358
433
419
545
48
1330
1652
855
3393
33
4127
1394
4379
4293
883
604
162
281
4078
2882
1406
4630
3832
641
2564
4918
3987
178
2529
2884
1228
164
2653
4269
796
4480
1832
2454
1258
3945
4949
44
1022
3888
1234
4315
437
1296
3640
4917
102
4352
2109
3740
578
1116
515
2423
213
1282
4143
2204
507
1927
4668
592
1064
4445
5010
4815
723
351
4532
271
760
243
769
2049
4942
4554
1627
1301
488
1805
661
4392
1970
751
2608
715
2247
2256
4885
4423
4087
3928
4052
3106
4491
4226
1384
3804
491
2209
4471
4104
4411
1205
1401
421
2507
543
802
1393
4710
219
4267
305
509
372
1740
2650
4682
3534
1241
3098
1576
4096
3717
436
4492
1732
4649
4470
4666
1061
4307
4546
575
1602
2788
233
401
4380
2050
4148
4447
400
3398
4385
3315
3313
4493
4519
717
1083
2938
4355
1239
3514
4593
5009
2561
251
2949
4001
3206
167
4451
4818
2056
4864
3704
1273
2566
427
1689
4212
2303
4429
542
332
2221
2019
1261
1349
4198
294
4048
2306
2263
522
4050
1840
3554
4785
5002
1153
691
3720
2359
3449
513
834
2337
4105
1557
195
4641
4242
803
4802
202
2110
1568
4640
4513
4404
674
794
4693
4538
295
608
3448
634
1346
475
582
2355
406
4294
1432
4246
4233
4219
4165
5019
3064
240
4545
3709
4231
3922
224
648
1376
4259
4248
2665
4452
2101
4771
4039
4971
391
4851
2495
1379
960
4010
4572
503
1676
4424
4577
4875
3361
4624
340
609
2543
4751
1162
1071
1621
366
4260
4454
1385
726
4541
1587
4852
586
768
1883
905
707
2108
980
4446
729
1150
2799
218
2188
3857
3810
3043
1093
1013
4082
1706
2138
3624
2130
4635
4056
4325
4703
408
404
4561
3827
3467
3898
3535
720
2074
4838
363
2905
3159
357
3450
4319
4472
3492
4871
26
3252
374
4586
672
523
4037
1156
3013
3893
113
3780
1164
3198
4657
4171
1203
4985
722
4660
4968
1600
1556
4610
4081
4303
4945
2558
496
4258
1199
3008
1960
2684
3082
602
53
3755
3296
4202
4595
4276
579
2562
153
4405
4162
3175
724
2394
4485
303
4264
4869
4367
1035
4482
2541
66
4787
2923
4
3884
262
2435
1370
2505
334
3813
877
1560
3947
4708
4465
745
3568
4737
3731
3858
2666
381
744
4611
943
2201
1461
1219
1704
1909
637
3295
824
1985
3110
1911
3045
2863
656
4961
564
405
643
4249
4309
4698
2274
4013
1248
1077
1599
1328
2089
4158
1210
1274
3433
1703
2287
765
270
1311
402
573
3859
1944
3413
3963
4880
4371
416
3735
4596
4463
3399
858
2948
636
3969
645
1872
2252
2660
323
4496
187
4313
4335
1318
4855
706
4808
1126
3747
1224
2015
2196
210
4600
1291
227
3251
135
3944
3425
4645
4079
4692
1007
4416
4663
1874
4403
2512
2427
743
148
373
4747
3745
4437
495
4888
850
3718
3428
940
4443
2496
214
4516
4201
415
4930
4529
1977
4655
3900
3199
4199
3939
4778
4144
4095
4228
880
396
781
3253
2731
4306
1232
1698
2376
1474
3256
1377
2680
607
306
1875
4947
577
4540
4552
425
972
519
1398
215
4760
2885
1292
1624
2761
4351
4241
4311
2409
2500
1958
2802
4132
4589
2367
2363
4527
4490
4867
3726
3796
2618
4400
4340
4542
1962
1583
4738
1717
2722
479
1107
3222
731
2773
3435
3212
1073
2189
1715
2176
3552
1285
2197
365
531
3442
4866
95
4691
3165
514
4876
4841
2315
2549
371
4776
3035
1767
4762
4701
1882
1277
4620
2831
4077
4839
2827
4773
919
7
2609
819
3763
2957
863
2826
809
2079
3958
1779
1803
2533
1808
3055
1713
2395
1355
2400
2167
2697
3530
2736
3041
4667
4025
848
1942
352
2344
4860
1845
4784
2142
3571
1769
439
732
449
2548
3892
2539
3
1197
1221
2004
4386
2150
2277
2946
1005
1582
2272
1854
1120
2465
3646
1653
4065
3523
485
2250
615
1567
4232
4476
4807
1861
4428
1815
1186
471
4740
385
145
2792
4388
3978
1867
1373
4813
3079
3226
2452
3394
3606
702
2293
2547
4735
3051
2951
156
31
1936
4757
4727
497
1814
4186
1827
4284
1381
1945
1843
1178
172
4774
2449
3044
1424
1637
1638
2739
719
1309
2503
1846
4940
2013
1052
3265
2412
1981
4935
1592
297
1738
4336
1590
4154
1710
3017
1730
2517
2528
1625
1117
520
4377
430
683
3573
1691
3179
3437
2823
1028
2726
2998
3964
967
3166
2527
3585
563
1041
1080
4282
2718
4679
2208
4674
620
2166
2506
2119
746
4041
2546
2521
1371
2859
2162
4439
3040
4675
4444
3085
961
1565
606
695
1336
2218
1692
3417
1885
3578
79
973
3178
28
3170
4345
4877
1510
2481
3024
2698
4064
916
1998
1736
274
3496
143
4399
4464
3046
399
3498
3956
4612
409
2352
2491
5005
2909
2702
3184
1352
2388
3019
4892
736
4512
2706
1931
2921
1104
2163
470
2973
4502
560
2935
1685
2557
612
1895
2640
4501
651
3186
4562
3543
3744
4390
1214
2709
1105
4051
8
3250
3522
3150
1744
529
4697
2136
712
922
2442
2536
2377
1677
3119
3970
1982
4327
894
2294
173
667
2771
3408
310
1896
2438
2075
2668
3023
1661
4628
3042
2655
1858
106
4792
2931
2340
1925
2560
4772
3476
3189
4486
2791
2154
3365
2005
1920
1797
1010
2402
2324
2625
1034
335
1647
3049
4694
3164
4954
3528
3883
1464
2776
298
1389
5013
2320
2131
1279
1382
2714
4964
3407
1967
2662
1928
2778
4175
1559
2900
1794
412
2544
1889
583
1898
1101
3507
817
1792
2286
4197
3177
1561
2378
2614
1151
3464
2123
886
2186
2535
3412
2107
831
738
4332
1089
1632
2420
992
4551
2514
4116
812
354
2871
1994
2366
4938
2254
2077
2316
2279
2156
3419
2139
2893
3148
917
2128
3368
457
1193
253
2989
979
567
1761
875
1812
3538
2310
1660
2234
2991
1000
230
1834
1851
925
2624
4706
2741
2910
1230
754
3560
1577
4419
3057
2040
4909
962
4999
1173
4713
4907
3291
191
1709
2253
2417
2159
2569
2179
2628
4317
1651
950
1725
2764
2704
3138
3562
1662
2096
2280
1948
2499
2169
671
2100
1971
2637
2443
2833
938
1612
3468
3249
4394
2114
2248
2493
1913
2751
1809
3912
2686
2807
4045
2632
1179
1257
2213
3473
3985
265
1456
2198
2467
3930
2259
1783
3414
2440
2554
633
3390
3611
3430
246
1032
1798
2064
1954
3211
1937
2766
1365
3134
2498
2743
3363
2140
3142
1369
3669
3162
1821
2868
2321
3962
630
3223
2149
2907
3192
2511
3018
1018
1591
2963
3048
3515
2191
2313
3972
2242
256
4422
2014
1468
1016
1806
2593
3436
4923
3504
1665
2724
825
1121
945
2002
2855
1606
1045
2964
1630
2701
2812
1881
2406
2289
2837
2223
4689
250
2396
1910
3183
2157
942
2822
3516
4225
2945
596
1893
1472
2516
1142
2939
2789
2806
383
1263
2052
1044
2842
734
1053
2237
2649
2152
2145
2621
2891
2629
3424
1707
3517
2311
907
2832
2598
1678
1807
2308
2073
3208
1608
2930
3576
590
2987
1838
1820
2956
3126
3056
2453
3194
999
4576
829
4166
3297
1204
1664
3451
1579
2299
4111
4845
3161
2441
2721
4556
64
2847
3264
3181
2416
3003
861
2482
1811
1723
2147
1762
2631
4174
2670
1693
3147
3610
2553
2703
3400
3521
1801
2072
4236
971
4254
1629
237
4998
1699
1471
2407
1169
3541
239
2024
2210
3316
2636
3084
3281
2595
694
3510
2326
1819
160
2723
1980
2036
1991
1922
954
3533
1580
2393
1003
1878
2904
2687
2861
2455
1679
2235
977
2942
3190
2070
2758
3103
2379
1735
3060
1701
4791
918
2851
2730
1714
978
989
2643
346
2919
2422
1844
2526
3037
4976
2488
4722
4014
2940
2023
1260
4504
2651
2060
2901
1837
484
1747
3025
1753
1696
4972
2305
3304
3421
1917
4477
1979
3262
1817
2652
2214
2011
155
3123
3220
2125
847
1687
3113
2627
866
3213
2264
2620
2550
3360
2852
3491
2810
748
182
3230
3171
1646
2033
3196
3502
3268
2993
2819
1154
2654
2314
3663
868
1595
1634
2908
2300
4430
2430
1086
4963
1868
1799
915
2669
3380
867
2026
1139
3180
2112
2689
1839
1597
984
2716
376
3187
2062
1826
1772
3460
955
2063
2415
3288
3282
3020
3426
1708
1906
946
2373
2494
2472
2266
2574
2887
4026
2273
2804
2522
3144
937
3270
3397
3936
2889
1408
1705
2008
2999
150
1765
4709
2700
3032
893
2267
3550
951
920
1450
5007
1564
2398
3557
3271
2872
2841
941
2661
3599
1976
1711
3561
3197
1031
3030
3214
1880
3054
2865
2016
2087
2729
912
3577
2184
3458
3149
2920
2408
1626
2748
2461
1888
2929
2968
4739
2219
1046
1842
3531
2839
3353
3434
1907
92
2487
1915
1673
908
2329
1978
4543
3205
2233
1908
1864
1566
2193
1569
2317
2862
2356
2021
2240
1890
2192
2065
3292
4468
705
1995
990
339
3215
791
2175
1733
3289
1716
3475
2200
4118
2318
2170
137
3441
2025
857
1841
923
2990
1033
2856
3294
420
2098
766
1675
2220
359
959
1905
2715
2864
3069
1856
1304
1048
2950
194
2006
2382
871
931
1008
2265
2270
1674
1884
2091
3607
3457
2581
3163
2767
2843
1650
159
2127
2117
1993
3239
4114
3479
2194
2659
2797
3524
2083
864
2510
3486
3050
653
3133
2484
1457
1726
3290
2519
3471
1756
947
2354
2374
3014
1598
4098
1940
3525
225
1876
2469
3743
3497
2458
1596
3027
2565
1487
2790
2071
1613
4990
3302
2185
3480
3572
2028
2783
2226
2304
1639
1015
2236
3406
4179
1017
1593
2401
2178
1552
2231
3453
840
1155
2460
2638
3861
2474
1686
2537
1926
1681
3499
2228
948
2693
3216
1734
3254
3038
1796
3031
2328
4874
2445
3582
3240
3219
3007
1961
190
4216
1941
3416
1863
1611
3283
3870
1672
2866
859
2066
2914
2464
2916
1554
1852
3124
2656
1571
2428
1759
3167
1947
2302
3994
700
2451
2334
3470
1751
3168
1573
3146
2134
2955
4011
3120
4619
3185
3231
936
2426
2784
2146
939
2986
3843
890
2769
2477
2634
2397
3225
897
3263
974
115
2599
3006
2275
3583
2742
353
1963
810
4124
473
924
2463
2335
3564
3512
3104
3091
3415
2227
1043
2586
1106
2710
3204
2685
231
2994
2965
1901
1551
1984
2749
2719
242
94
4714
3029
1138
1802
3210
1643
2922
3466
2756
1934
4731
2867
3033
2538
2734
664
838
2977
1469
3553
786
2854
969
1904
1999
2468
2615
2502
3228
1990
3494
2158
4323
2954
1391
2924
2775
2600
2177
2111
2030
3127
2027
2160
2476
1957
3278
2820
2135
3911
2391
3160
2878
2312
3422
2813
1996
2368
1959
1800
1770
1006
2713
3002
2419
3080
3439
1631
2932
4061
2082
2230
2301
1950
2105
988
1831
2349
3125
4495
906
1775
2874
2383
2613
1014
2332
2215
966
3518
2017
3141
3366
898
1946
2224
2801
2663
2876
928
2365
3274
2981
3495
2479
2029
657
2432
2809
3071
703
58
2604
2805
926
3066
3443
2241
2692
2478
865
378
4539
3551
1745
205
2961
386
2298
995
2903
2181
1894
1983
1158
4962
3665
2947
2291
4781
2835
2762
1541
2524
2164
1618
1773
1788
3235
2384
2927
2765
2750
3483
2037
2092
1058
2733
3269
2983
2873
2768
2825
3500
2941
3075
1721
2960
2787
324
3305
537
208
3143
4107
123
1720
2996
1407
3455
1298
2199
2603
2975
3336
986
3519
3130
1399
2190
2012
2695
2664
1640
2120
2988
3191
1575
2976
2523
843
3563
2339
3255
2246
3129
2592
2148
2364
3099
1396
983
1785
2667
2411
3221
2829
3137
2928
3070
4975
1636
3100
2798
3890
2969
1133
2774
3542
2205
2058
2121
2534
930
994
13
1986
1655
2353
909
245
2173
1666
3570
2325
3589
2735
3200
2238
2470
3431
2895
2106
1623
3396
4981
3429
913
1722
2836
2345
3420
2222
3112
4749
2883
631
3432
1057
1816
2103
1828
142
2078
2261
2879
2915
1616
2641
2229
2683
2518
2838
3487
34
60
1680
3092
3683
3527
2431
3280
1526
2269
2959
168
1719
3540
1229
1548
1251
1914
3072
2780
3266
2171
2828
2022
2633
1757
3444
3454
3115
2880
9
3395
2591
2097
3203
1578
2623
1546
1989
3234
3868
3362
1002
3555
2677
1055
3182
2755
2720
5012
2777
1988
2399
3367
163
2462
3608
2913
4000
856
2444
2174
1690
1974
2678
3539
72
1902
1923
3061
2322
1635
1622
1849
1009
3509
2132
2031
3856
2906
2095
2694
2057
4859
1425
2610
3217
3544
2860
2244
4119
3833
3111
2307
1897
3118
1935
3511
3078
3247
2673
2288
3493
3770
1737
741
1070
1933
2323
2009
1262
2728
2594
234
2952
3418
2251
1049
3145
2483
3004
2848
2596
2552
424
1835
956
1544
2486
2707
3195
2711
2425
2338
2084
2475
1697
2446
3456
3506
2992
1395
958
2821
1397
1912
1589
2362
2877
3474
1615
1731
1760
2404
2102
965
2414
2216
1688
2480
3410
1610
2980
192
2048
1059
3034
2607
3039
3156
3275
2085
364
2069
3107
3401
3565
2943
927
1939
2032
3489
2405
1695
3355
3446
2122
2061
4560
2473
2850
3068
2691
2746
998
3463
963
4018
184
1853
2509
1916
4146
3405
2257
3447
1315
2281
1683
2563
3152
4522
1492
2740
3227
3009
2421
1813
3028
2076
2708
3062
1748
2606
2172
2601
1588
970
996
4980
2333
2925
2911
2602
3556
3411
2217
1919
1953
1659
3218
2570
3052
982
2437
2525
2840
2387
1642
2818
2794
3566
3151
3128
3751
2459
3574
2410
891
3529
3286
852
36
2010
2682
3559
910
2211
2785
1966
3545
1604
949
1789
2385
3236
2508
2732
1056
1470
4285
2937
3409
2351
1855
2705
2520
3139
2054
4574
217
3089
2295
1921
3067
985
2612
3047
1484
2759
1992
2038
3059
2457
169
2997
2918
991
2137
2372
2857
3402
4121
3477
1932
1547
1833
3237
2926
1001
3403
2067
3077
2542
1619
1768
1671
3101
3172
1782
3938
3567
1741
1413
1663
2814
200
4862
3058
2824
3209
2389
3558
2845
2290
3481
3472
2869
1987
1042
2886
2039
2239
4795
2369
899
892
1465
2018
2285
953
2763
1728
3580
2971
2834
3065
3087
2531
3117
1188
1669
1096
1563
2752
3016
4036
3188
2195
3546
2429
3015
3155
3158
3026
2297
87
1943
3739
3485
1918
2093
1657
3245
1724
3452
3427
1236
2579
1754
2817
3469
2268
1973
987
1758
1099
114
