3 153
144 153
62 194
237 238
4 243
65 246
222 261
210 277
224 283
261 290
283 291
309 311
257 320
312 326
320 326
266 327
299 329
320 330
86 335
320 337
336 341
320 343
199 344
227 344
301 344
320 344
312 345
320 345
201 347
208 347
309 348
299 349
309 349
344 375
252 393
439 455
60 461
168 461
253 461
352 462
217 469
452 488
292 502
302 502
213 503
229 511
292 511
302 511
347 511
357 538
393 548
550 553
232 561
293 561
303 561
466 566
504 591
466 597
601 605
320 609
375 609
290 625
199 629
233 629
294 629
304 629
307 629
320 629
375 629
520 631
447 632
214 644
375 658
53 661
504 662
521 666
587 719
466 745
221 748
712 755
515 756
740 761
252 762
748 762
7 767
669 769
668 770
115 777
145 781
153 782
156 784
164 785
166 785
199 792
320 792
349 792
803 812
288 814
393 814
676 815
76 816
252 816
503 816
576 826
347 828
394 828
792 836
816 838
816 840
359 841
816 843
266 853
316 854
829 854
521 856
466 862
504 863
320 865
299 866
330 866
327 867
201 868
394 868
347 870
828 870
348 872
349 873
792 873
836 873
521 890
320 892
299 893
330 893
266 894
201 895
394 895
347 897
828 897
816 898
348 900
349 902
792 902
836 902
504 906
299 908
330 908
266 909
201 910
394 910
347 911
828 911
816 912
277 914
521 915
299 917
330 917
266 918
201 919
394 919
256 921
503 921
504 923
320 925
299 926
330 926
266 927
201 928
394 928
347 929
828 929
816 930
521 936
320 938
327 939
201 940
394 940
347 941
828 941
816 942
504 945
320 947
299 948
330 948
201 949
394 949
816 950
341 952
521 953
320 955
299 956
330 956
201 957
394 957
347 958
828 958
816 959
504 961
320 963
257 964
201 965
394 965
816 966
521 969
320 971
347 972
828 972
816 973
504 977
320 979
299 980
330 980
347 981
828 981
816 982
320 985
299 986
330 986
347 987
828 987
299 991
330 991
320 995
299 996
330 996
816 998
320 1000
299 1001
330 1001
816 1002
320 1006
299 1007
330 1007
816 1008
335 1012
876 1012
299 1016
330 1016
816 1017
666 1019
591 1020
489 1021
658 1021
853 1022
622 1024
311 1025
329 1025
534 1026
548 1026
816 1032
666 1034
591 1035
658 1036
311 1039
329 1039
534 1040
548 1040
662 1041
299 1043
330 1043
816 1044
816 1046
816 1048
816 1052
816 1055
816 1056
816 1058
326 1065
347 1065
534 1065
748 1065
814 1065
816 1065
871 1065
899 1065
913 1065
920 1065
931 1065
943 1065
951 1065
960 1065
967 1065
974 1065
983 1065
988 1065
992 1065
999 1065
1003 1065
1009 1065
1018 1065
1033 1065
1045 1065
1049 1065
1053 1065
1057 1065
1059 1065
1060 1068
96 1070
170 1070
174 1070
179 1070
181 1070
272 1070
275 1070
276 1070
350 1070
464 1070
614 1070
615 1070
787 1070
788 1070
789 1070
1050 1070
1070 1074
1028 1078
901 1083
1070 1092
1013 1097
430 1101
1076 1102
542 1104
550 1104
191 1119
228 1123
320 1132
1064 1133
491 1134
266 1145
324 1145
329 1145
330 1145
348 1145
349 1145
926 1145
956 1145
986 1145
1016 1145
1043 1145
521 1157
591 1157
662 1157
863 1157
890 1157
906 1157
915 1157
923 1157
936 1157
945 1157
953 1157
961 1157
969 1157
977 1157
984 1157
1065 1157
976 1167
461 1169
309 1170
1023 1170
1037 1170
26 1172
27 1172
29 1172
74 1172
1013 1174
1122 1175
1023 1182
1037 1182
1145 1182
76 1183
324 1183
394 1183
838 1183
840 1183
843 1183
898 1183
912 1183
930 1183
942 1183
950 1183
959 1183
966 1183
973 1183
982 1183
998 1183
1002 1183
1008 1183
1017 1183
1032 1183
1044 1183
1046 1183
1048 1183
1052 1183
1055 1183
1056 1183
1058 1183
252 1185
261 1185
277 1185
283 1185
320 1185
561 1185
622 1185
828 1185
871 1185
899 1185
913 1185
920 1185
931 1185
943 1185
951 1185
960 1185
967 1185
974 1185
983 1185
988 1185
992 1185
999 1185
1003 1185
1009 1185
1018 1185
1033 1185
1045 1185
1049 1185
1053 1185
1057 1185
1059 1185
1183 1185
776 1186
466 1189
273 1205
535 1205
612 1205
1122 1213
504 1222
863 1222
890 1222
906 1222
915 1222
923 1222
936 1222
945 1222
953 1222
961 1222
969 1222
977 1222
984 1222
1185 1222
189 1224
44 1227
215 1229
521 1229
1222 1229
1109 1240
1203 1241
185 1244
1122 1247
218 1251
521 1251
1222 1251
658 1252
866 1252
926 1252
948 1252
980 1252
991 1252
996 1252
1001 1252
1007 1252
1016 1252
1043 1252
1183 1252
295 1254
199 1255
219 1255
320 1255
348 1255
375 1255
872 1255
900 1255
334 1256
591 1259
662 1259
864 1259
891 1259
907 1259
916 1259
924 1259
937 1259
946 1259
954 1259
962 1259
970 1259
978 1259
990 1259
994 1259
1015 1259
1031 1259
1042 1259
1157 1259
1171 1287
102 1301
266 1302
327 1302
343 1302
1132 1302
521 1304
1237 1306
485 1320
271 1321
243 1325
1123 1325
466 1330
1116 1334
289 1343
393 1343
762 1343
1065 1343
346 1344
864 1344
891 1344
907 1344
916 1344
924 1344
937 1344
946 1344
954 1344
962 1344
970 1344
978 1344
990 1344
994 1344
1015 1344
1031 1344
1042 1344
1222 1344
326 1348
853 1348
964 1348
389 1351
1070 1356
502 1358
816 1358
868 1358
895 1358
910 1358
919 1358
928 1358
940 1358
949 1358
957 1358
965 1358
1336 1367
226 1369
816 1369
1065 1369
1315 1382
1402 1405
1 1406
328 1406
1403 1406
1404 1406
1405 1406
1404 1407
1404 1408
537 1409
623 1411
1404 1411
1405 1411
1406 1411
1407 1411
1409 1411
1410 1411
1403 1412
1404 1412
1406 1412
1409 1412
1410 1412
1404 1413
603 1414
1411 1414
249 1415
352 1415
458 1415
603 1415
1383 1415
1403 1415
1404 1415
1411 1415
1412 1415
19 1416
507 1416
1403 1416
1404 1416
1411 1416
1412 1416
1196 1417
1393 1417
1403 1417
1404 1417
1411 1417
1412 1417
1415 1417
1403 1418
1404 1418
1411 1418
1412 1418
1415 1418
1417 1418
264 1419
1403 1419
1404 1419
1411 1419
1412 1419
1418 1419
327 1420
1403 1420
1404 1420
1411 1420
1412 1420
1181 1421
1322 1421
1403 1421
1404 1421
1411 1421
1412 1421
1417 1421
1418 1421
1087 1422
1403 1422
1404 1422
1411 1422
1412 1422
1099 1423
1397 1423
1403 1423
1404 1423
1411 1423
1412 1423
1404 1424
1404 1425
30 1426
499 1426
681 1426
783 1426
1403 1426
1404 1426
1411 1426
1412 1426
1417 1426
1418 1426
420 1427
1257 1427
1403 1427
1404 1427
1411 1427
1412 1427
1417 1427
1418 1427
1419 1427
1420 1427
606 1428
679 1428
1110 1428
1403 1428
1404 1428
1411 1428
1412 1428
1418 1428
137 1429
160 1429
1403 1429
1404 1429
1411 1429
1412 1429
1416 1429
1418 1429
1420 1429
1421 1429
1427 1429
176 1430
1267 1430
1403 1430
1404 1430
1411 1430
1412 1430
677 1431
682 1431
844 1431
1404 1431
1411 1431
1412 1431
1418 1431
1427 1431
1429 1431
1404 1432
1434 1436
1435 1436
1409 1437
1373 1438
1437 1438
634 1441
1088 1441
1140 1441
1440 1441
1442 1443
1317 1445
1444 1445
1446 1448
1447 1448
1446 1449
1447 1449
1449 1450
1449 1452
194 1453
741 1453
1015 1453
1071 1453
1391 1453
1396 1453
1449 1453
419 1455
801 1455
1449 1455
371 1456
610 1456
733 1456
805 1456
1449 1456
1449 1457
572 1458
630 1458
1449 1458
1449 1459
173 1460
378 1460
1093 1460
1449 1460
260 1461
1121 1461
1449 1461
1449 1462
779 1463
1238 1463
1449 1463
1449 1464
1449 1465
1449 1466
1452 1466
1453 1466
1456 1466
1458 1466
1459 1466
1460 1466
1461 1466
1462 1466
1464 1466
1449 1467
338 1468
368 1468
506 1468
585 1468
655 1468
754 1468
778 1468
1209 1468
1220 1468
1449 1468
1466 1468
1449 1469
1449 1470
1449 1471
380 1472
536 1472
704 1472
746 1472
845 1472
1449 1472
1466 1472
142 1473
567 1473
1138 1473
1188 1473
1260 1473
1389 1473
1449 1473
1466 1473
689 1474
690 1474
1332 1474
1449 1474
1466 1474
370 1475
1143 1475
1240 1475
1312 1475
1449 1475
1466 1475
1449 1476
1466 1476
72 1478
694 1478
847 1478
1106 1478
1131 1478
1230 1478
1449 1478
1454 1478
1466 1478
1449 1479
1448 1480
1449 1480
1451 1480
1452 1480
1453 1480
1455 1480
1456 1480
1457 1480
1458 1480
1459 1480
1460 1480
1461 1480
1462 1480
1463 1480
1466 1480
1467 1480
1468 1480
1472 1480
1473 1480
1474 1480
1475 1480
1476 1480
1478 1480
1480 1481
1342 1482
1449 1482
1479 1482
1480 1482
504 1483
521 1483
1361 1483
1449 1483
1479 1483
1480 1483
1449 1484
1111 1485
530 1486
751 1486
1485 1486
1447 1487
235 1489
1447 1489
1481 1489
1488 1489
719 1490
759 1490
456 1491
461 1491
466 1491
469 1491
484 1491
1199 1491
1401 1492
1491 1492
56 1493
455 1493
1491 1493
475 1497
1394 1503
1494 1503
1501 1503
1502 1503
1491 1504
635 1505
186 1506
1098 1506
1258 1506
1504 1506
1410 1508
569 1510
1509 1510
1409 1511
1315 1512
1511 1512
418 1513
1095 1513
1160 1513
1511 1513
1511 1514
1511 1515
1355 1516
1516 1517
850 1518
1518 1519
286 1521
721 1521
632 1522
1264 1522
1521 1522
1215 1523
1522 1523
1496 1525
1524 1525
8 1526
1525 1527
1526 1527
509 1528
1525 1528
989 1529
1525 1529
1525 1530
1525 1531
1525 1532
18 1535
1534 1536
1535 1536
1537 1538
1524 1540
1539 1540
1540 1541
722 1542
1287 1542
1287 1543
1542 1543
1543 1544
461 1545
1498 1545
1392 1546
1353 1547
382 1552
1493 1553
469 1554
1493 1555
1426 1556
1452 1558
1513 1560
1438 1562
1496 1563
1496 1565
1187 1566
1392 1566
1496 1568
25 1572
334 1572
1490 1572
1308 1574
1419 1574
1440 1576
685 1578
461 1579
153 1581
1506 1581
813 1583
1430 1584
446 1585
1497 1585
1430 1587
570 1595
469 1596
1291 1597
428 1598
1473 1598
1453 1599
1415 1602
432 1603
1543 1604
1434 1605
1506 1607
1117 1609
1438 1609
636 1610
422 1612
403 1613
1176 1617
1488 1617
361 1620
469 1623
461 1625
1529 1626
1131 1628
1478 1628
1090 1630
263 1631
1178 1635
1473 1635
1476 1637
1105 1638
1084 1639
1423 1639
410 1641
1417 1644
676 1645
438 1646
1326 1648
1439 1648
1451 1650
460 1651
1522 1653
444 1654
1486 1654
1460 1655
1149 1656
1452 1656
461 1659
1051 1662
1473 1662
717 1663
1473 1663
1392 1664
1459 1665
469 1666
738 1667
1513 1667
1460 1669
1496 1671
461 1673
461 1675
1474 1676
113 1677
158 1677
1476 1679
469 1680
1451 1681
1422 1682
719 1684
133 1685
583 1687
469 1692
183 1693
1320 1694
1439 1694
1384 1696
889 1697
1463 1698
1460 1701
1335 1702
1507 1702
887 1703
452 1706
141 1709
505 1710
1507 1710
461 1713
486 1713
1497 1715
1282 1718
1432 1718
604 1722
888 1727
1436 1727
434 1728
481 1729
1542 1732
747 1733
1453 1736
743 1739
1516 1739
1423 1744
1453 1745
1489 1750
1522 1752
1474 1755
1460 1757
12 1758
599 1761
1478 1762
343 1763
719 1764
1423 1768
167 1771
1459 1772
1422 1774
824 1777
1422 1777
248 1778
1429 1778
1054 1781
1069 1782
1186 1784
1190 1784
1231 1784
1233 1784
1237 1784
46 1785
68 1785
79 1785
279 1785
487 1785
340 1786
1172 1786
1214 1786
1202 1788
1478 1788
769 1790
1072 1792
1497 1793
1419 1795
796 1797
1067 1797
1478 1797
1459 1798
1427 1799
469 1800
831 1802
1540 1805
772 1807
1436 1808
374 1810
1476 1810
624 1812
886 1814
1453 1814
474 1815
1346 1817
1493 1818
216 1821
274 1822
1489 1822
469 1823
1500 1823
1083 1824
1352 1824
1468 1825
251 1826
1073 1827
1100 1827
1507 1829
1530 1832
1453 1835
1198 1840
1146 1841
1473 1842
491 1843
1539 1845
493 1846
1426 1847
1521 1848
1476 1849
401 1853
417 1854
358 1855
1529 1855
1527 1856
1093 1857
1453 1857
619 1859
1486 1859
461 1860
1498 1860
1283 1861
1476 1861
1477 1861
1468 1862
361 1866
1416 1867
1459 1868
1439 1869
1440 1870
1420 1873
1436 1874
1506 1879
1380 1881
1509 1883
1027 1887
461 1889
469 1890
1445 1891
461 1895
712 1895
1311 1897
1476 1897
540 1898
402 1899
1539 1900
618 1903
1430 1903
1496 1905
1253 1906
885 1907
1429 1908
1112 1909
1082 1914
469 1918
469 1919
820 1919
1460 1920
398 1921
120 1922
1246 1924
1497 1929
1297 1931
1062 1934
1493 1938
1478 1939
728 1940
1512 1943
1478 1947
1493 1949
1422 1952
108 1955
389 1955
1351 1955
1512 1958
695 1959
1453 1959
1451 1961
331 1965
469 1966
191 1969
494 1977
469 1978
1453 1979
1289 1982
1473 1985
807 1989
578 1992
1327 1993
1234 1994
1124 1995
1453 1998
1476 2002
797 2005
1495 2007
1496 2007
613 2009
454 2010
1460 2012
426 2016
709 2017
255 2018
1478 2021
1164 2022
935 2023
1453 2024
1453 2026
461 2027
1200 2027
461 2028
1496 2030
1476 2031
404 2033
1272 2037
1453 2037
1108 2038
147 2040
435 2040
891 2041
916 2041
937 2041
954 2041
970 2041
994 2041
1031 2041
1222 2041
1461 2041
76 2042
898 2042
942 2042
959 2042
973 2042
998 2042
1008 2042
1032 2042
1046 2042
1052 2042
252 2043
503 2043
548 2043
766 2043
814 2043
843 2043
898 2043
912 2043
930 2043
942 2043
950 2043
966 2043
982 2043
1002 2043
1017 2043
1044 2043
1046 2043
1048 2043
1055 2043
1056 2043
1058 2043
1065 2043
1145 2043
1259 2043
1343 2043
1358 2043
1369 2043
859 2044
871 2044
913 2044
931 2044
951 2044
967 2044
983 2044
992 2044
1003 2044
1018 2044
1045 2044
1049 2044
1059 2044
329 2045
339 2045
349 2045
866 2045
908 2045
926 2045
948 2045
980 2045
991 2045
1001 2045
1016 2045
1043 2045
1182 2045
1252 2045
502 2046
868 2046
910 2046
928 2046
949 2046
965 2046
828 2047
895 2047
919 2047
940 2047
957 2047
1531 2049
1268 2050
1475 2050
1196 2051
1473 2052
1431 2053
1365 2056
1486 2056
765 2058
1217 2059
1486 2059
1496 2060
1478 2063
1459 2064
1436 2068
1423 2073
556 2074
1506 2074
1004 2076
1478 2076
627 2080
1542 2081
702 2085
1496 2085
1506 2089
1427 2091
483 2092
132 2096
1429 2096
1429 2097
465 2099
498 2100
1279 2102
1423 2102
1280 2105
1476 2106
363 2109
367 2110
1509 2110
1173 2111
1512 2111
1345 2112
436 2113
1496 2117
732 2119
855 2121
57 2123
1429 2123
647 2124
1375 2126
1493 2126
773 2128
500 2130
456 2133
1199 2133
575 2134
1522 2138
577 2140
440 2146
640 2147
932 2148
1294 2151
1419 2151
1271 2152
1460 2152
1473 2156
300 2158
771 2159
1305 2159
1474 2161
469 2164
1239 2164
673 2165
442 2166
1429 2166
1522 2168
1385 2169
267 2170
1427 2171
171 2172
1151 2173
1453 2173
1478 2175
832 2178
1378 2179
466 2180
1499 2180
1063 2181
1422 2182
767 2183
1460 2183
1429 2184
1497 2187
1497 2188
1427 2189
1460 2193
1242 2194
522 2198
707 2200
1496 2200
1379 2201
1455 2201
808 2202
526 2203
563 2204
708 2204
1254 2204
396 2206
1485 2206
1452 2212
1047 2213
1427 2214
469 2216
1459 2218
595 2219
1228 2220
1428 2221
818 2223
1512 2224
125 2225
161 2226
1089 2226
1540 2226
1453 2228
1452 2232
830 2233
641 2245
1516 2247
1476 2248
40 2249
1137 2250
1506 2250
1527 2253
1507 2255
1415 2260
1165 2261
518 2262
1522 2262
476 2263
1459 2264
851 2266
933 2267
1485 2271
1430 2274
1292 2276
904 2279
1459 2279
1362 2280
1392 2280
1453 2281
1420 2282
1489 2284
646 2288
1453 2288
1349 2289
1388 2290
1453 2290
1226 2291
1392 2291
427 2292
1458 2293
1529 2294
1392 2295
1529 2297
825 2305
1427 2314
727 2323
1473 2323
621 2324
1459 2325
1113 2326
1392 2326
1527 2328
241 2331
24 2332
1460 2333
675 2334
461 2335
670 2336
1507 2336
744 2339
1496 2340
212 2345
379 2345
1542 2346
1420 2347
1453 2349
1468 2350
342 2352
321 2353
1459 2353
100 2355
198 2356
1409 2356
800 2357
1409 2359
1005 2360
1232 2360
1107 2363
1340 2364
1451 2364
1150 2365
1453 2366
1392 2367
1460 2369
1476 2373
1263 2375
1452 2375
598 2376
1460 2377
588 2378
1506 2380
1459 2387
714 2391
1453 2391
1419 2394
1174 2395
1460 2395
1392 2399
1478 2401
1431 2402
608 2405
1030 2406
399 2411
1453 2411
278 2412
1519 2412
1435 2413
1392 2415
1473 2416
1473 2417
737 2418
1430 2418
445 2419
724 2421
223 2422
1537 2424
1163 2425
325 2427
649 2428
1427 2428
479 2433
1208 2438
1453 2438
1459 2445
162 2446
1437 2447
478 2448
1038 2449
1539 2449
833 2450
1459 2450
476 2452
1357 2453
519 2454
1453 2455
1147 2456
1427 2462
109 2468
1478 2468
1543 2470
1456 2471
450 2472
875 2473
1427 2473
1429 2474
1148 2476
1427 2476
1460 2477
1453 2478
1360 2479
1453 2484
306 2485
1429 2486
209 2487
1427 2487
1463 2491
731 2497
1419 2497
882 2498
1273 2501
1440 2507
1309 2510
10 2511
77 2511
1453 2511
740 2513
761 2513
1489 2514
1453 2521
546 2526
654 2527
525 2530
1120 2531
1428 2532
1495 2533
1496 2533
469 2535
1423 2536
1275 2538
854 2539
1167 2540
554 2541
469 2544
586 2551
1490 2551
1219 2553
1427 2553
555 2555
1516 2555
1475 2558
1419 2559
1417 2561
421 2562
1419 2562
639 2563
1459 2563
1529 2565
1522 2566
104 2569
1392 2569
469 2570
905 2571
1505 2571
1410 2572
1029 2574
1430 2576
1488 2578
533 2580
202 2581
1535 2584
1497 2585
1459 2586
1293 2587
1417 2588
1542 2589
107 2590
165 2591
369 2594
280 2595
1539 2597
1493 2598
1177 2599
1406 2605
1453 2607
270 2608
1201 2609
849 2611
469 2612
1091 2614
469 2615
1512 2615
1162 2618
1529 2618
1116 2619
858 2622
5 2624
32 2624
35 2624
37 2624
38 2624
39 2624
41 2624
42 2624
43 2624
47 2624
50 2624
52 2624
55 2624
59 2624
61 2624
63 2624
67 2624
69 2624
70 2624
71 2624
73 2624
75 2624
78 2624
80 2624
81 2624
82 2624
83 2624
84 2624
85 2624
88 2624
89 2624
90 2624
91 2624
93 2624
97 2624
99 2624
101 2624
103 2624
105 2624
106 2624
110 2624
117 2624
118 2624
119 2624
122 2624
124 2624
126 2624
127 2624
128 2624
129 2624
131 2624
134 2624
1419 2626
564 2628
308 2629
465 2630
495 2632
461 2633
1478 2637
461 2638
1493 2639
1453 2640
1451 2641
471 2643
1468 2645
315 2646
688 2649
1543 2649
1274 2651
1512 2651
188 2653
1478 2656
244 2659
827 2665
1325 2666
1512 2666
409 2669
469 2670
671 2670
1521 2672
1512 2673
1474 2675
1329 2676
513 2679
1522 2680
1456 2681
1453 2682
1429 2683
535 2684
1350 2684
469 2687
798 2687
1506 2688
1453 2689
1497 2690
187 2691
468 2700
1460 2702
1460 2709
1161 2714
1288 2716
1225 2718
469 2721
1318 2722
1516 2722
469 2723
715 2724
1478 2724
1060 2725
466 2727
1499 2727
1126 2729
1127 2729
1128 2729
1440 2731
1390 2735
1284 2737
1462 2737
764 2738
1339 2744
1444 2744
1299 2746
1543 2746
1439 2747
1281 2748
1453 2749
469 2750
723 2755
568 2758
1529 2758
667 2766
1392 2769
262 2773
1473 2776
1478 2777
1427 2778
834 2779
1415 2779
461 2780
1474 2782
557 2786
1505 2786
469 2787
1453 2789
1540 2792
484 2793
1529 2794
157 2798
1497 2799
433 2801
1473 2801
1475 2802
1417 2803
1324 2805
757 2806
391 2808
944 2809
1453 2809
206 2811
317 2811
1207 2811
1212 2811
517 2812
1527 2812
1286 2813
1453 2813
1493 2815
1453 2816
1454 2816
1103 2817
1453 2817
1459 2818
1476 2819
203 2820
1451 2820
1453 2821
1453 2823
663 2826
1512 2827
357 2830
1478 2838
1543 2839
1478 2840
49 2847
1218 2848
1429 2857
1441 2858
1435 2859
1409 2861
616 2862
1129 2862
1197 2864
752 2866
1295 2870
1276 2872
774 2873
1512 2873
1451 2876
1243 2879
1478 2879
1194 2883
1422 2884
1250 2885
1459 2886
876 2888
1482 2888
793 2890
1417 2894
541 2895
1512 2895
1419 2897
524 2898
1431 2898
1422 2899
33 2901
975 2904
1453 2904
837 2911
220 2912
1060 2912
1453 2915
14 2917
1152 2924
360 2925
1478 2925
692 2926
1077 2935
461 2937
469 2939
842 2940
423 2942
1453 2942
466 2944
565 2944
1499 2944
395 2945
653 2945
934 2949
154 2953
1507 2953
719 2957
1410 2958
775 2960
600 2961
716 2962
405 2965
968 2968
204 2969
1392 2971
469 2974
795 2974
1500 2974
388 2976
1460 2976
490 2977
139 2978
651 2979
607 2980
1392 2980
285 2981
451 2982
1485 2982
121 2985
135 2985
136 2985
770 2985
1328 2985
1467 2985
116 2986
469 2987
1075 2992
1453 2992
643 2993
1460 2994
372 2998
1423 2998
758 3000
1417 3001
1473 3003
1453 3004
784 3005
1130 3005
1516 3008
753 3009
1430 3010
207 3018
98 3019
1459 3019
1457 3021
1482 3022
529 3023
1473 3023
768 3025
642 3026
1543 3026
1453 3027
1453 3028
1180 3030
1417 3035
650 3036
1278 3036
2938 3036
1245 3037
492 3040
1323 3041
1066 3044
780 3045
1459 3049
362 3050
318 3051
392 3051
1410 3053
549 3054
1460 3056
1453 3058
1527 3059
878 3060
1527 3060
414 3061
1540 3061
881 3062
1527 3062
1461 3063
1467 3063
1467 3064
1453 3066
1136 3070
1237 3073
1135 3074
562 3075
1420 3076
459 3077
1419 3079
1533 3080
390 3081
1453 3084
22 3088
1277 3091
1512 3091
385 3092
1512 3092
1521 3094
545 3095
259 3098
1453 3099
1347 3100
1460 3101
1453 3103
1415 3105
605 3106
1392 3107
592 3109
1516 3109
437 3111
804 3112
1506 3116
696 3117
1473 3120
1453 3122
1454 3122
1478 3122
1451 3123
1429 3124
1081 3127
1453 3127
341 3132
1453 3132
1381 3135
1125 3141
1473 3144
1512 3148
809 3149
1473 3150
1422 3153
1122 3154
1175 3154
1213 3154
1247 3154
1463 3154
400 3158
730 3159
477 3161
453 3162
1472 3169
1080 3170
879 3172
254 3173
1493 3173
1490 3174
1478 3175
531 3176
1458 3176
811 3177
1428 3178
1392 3180
691 3181
552 3183
448 3185
736 3187
1290 3193
1440 3193
457 3197
1497 3198
1366 3200
1166 3201
1244 3201
152 3204
297 3205
637 3211
333 3213
351 3219
711 3221
1453 3225
1507 3229
617 3230
706 3232
1493 3233
11 3236
1459 3237
130 3243
1516 3244
1114 3245
1285 3246
1416 3246
1512 3247
903 3252
1458 3252
1363 3253
287 3258
1184 3261
431 3263
1118 3264
1543 3264
111 3265
247 3265
1476 3265
1415 3267
1453 3268
1543 3269
660 3272
1314 3273
1531 3273
1435 3277
1301 3284
1303 3284
1321 3284
1476 3285
1477 3285
51 3286
1061 3286
1478 3286
287 3287
750 3290
1453 3292
449 3294
1531 3296
1528 3299
1442 3301
1460 3302
480 3305
1522 3306
1490 3307
1417 3308
1410 3309
2958 3309
3053 3309
1447 3310
1865 3310
2753 3310
2439 3311
3310 3311
151 3312
1830 3312
2094 3312
2435 3312
2496 3312
2795 3312
2505 3313
1447 3314
1481 3314
3312 3314
3313 3314
21 3316
1447 3316
1481 3316
3315 3316
611 3317
1549 3317
2653 3317
3073 3317
3157 3317
720 3318
2080 3318
2360 3318
2361 3318
2701 3318
3206 3318
1331 3319
2635 3319
3318 3319
3318 3320
3318 3321
1436 3323
1440 3323
1445 3323
1519 3323
1525 3323
3318 3323
623 3324
1403 3324
1491 3324
3323 3324
623 3325
1403 3325
3322 3325
3323 3325
513 3326
623 3326
1060 3326
1403 3326
1404 3326
1412 3326
1491 3326
3317 3326
3322 3326
3323 3326
377 3327
611 3327
1300 3327
1877 3327
1930 3327
2051 3327
2272 3327
2934 3327
3325 3327
3326 3327
611 3328
1070 3328
1693 3328
1763 3328
1916 3328
1983 3328
1995 3328
2105 3328
2131 3328
2146 3328
2231 3328
2765 3328
2774 3328
3113 3328
3214 3328
3216 3328
3326 3328
415 3329
611 3329
656 3329
1767 3329
1840 3329
1854 3329
2331 3329
3325 3329
3326 3329
148 3330
611 3330
701 3330
726 3330
803 3330
1601 3330
1779 3330
2000 3330
3325 3330
3326 3330
34 3331
163 3331
180 3331
1577 3331
1580 3331
1716 3331
1770 3331
1924 3331
1955 3331
1993 3331
2067 3331
2275 3331
2313 3331
2432 3331
2542 3331
2552 3331
2784 3331
2825 3331
2862 3331
2903 3331
2932 3331
2952 3331
2988 3331
3029 3331
3047 3331
3171 3331
3177 3331
3181 3331
3190 3331
3200 3331
3218 3331
3326 3331
180 3332
1924 3332
589 3333
1769 3333
2116 3333
2485 3333
3325 3333
3326 3333
192 3334
364 3334
466 3334
786 3334
1610 3334
1690 3334
1721 3334
1802 3334
1915 3334
1992 3334
2014 3334
2040 3334
2065 3334
2098 3334
2114 3334
2177 3334
2223 3334
2254 3334
2321 3334
2469 3334
2516 3334
2523 3334
2623 3334
2865 3334
2893 3334
2999 3334
3009 3334
3146 3334
3186 3334
3221 3334
3325 3334
3326 3334
852 3335
1014 3335
1583 3335
1634 3335
1785 3335
1948 3335
2032 3335
2157 3335
2267 3335
2518 3335
2592 3335
2624 3335
2654 3335
2664 3335
2908 3335
3069 3335
3129 3335
3217 3335
3325 3335
3326 3335
3303 3336
3325 3336
3326 3336
611 3337
822 3337
1557 3337
1899 3337
2162 3337
2962 3337
3325 3337
3326 3337
205 3338
560 3338
590 3338
781 3338
857 3338
1010 3338
1142 3338
1262 3338
1578 3338
1621 3338
1657 3338
1678 3338
1881 3338
1885 3338
1896 3338
1989 3338
1996 3338
2006 3338
2013 3338
2071 3338
2078 3338
2100 3338
2120 3338
2140 3338
2158 3338
2181 3338
2219 3338
2220 3338
2233 3338
2285 3338
2307 3338
2338 3338
2345 3338
2368 3338
2388 3338
2430 3338
2440 3338
2524 3338
2528 3338
2574 3338
2581 3338
2587 3338
2595 3338
2600 3338
2603 3338
2611 3338
2669 3338
2697 3338
2726 3338
2791 3338
2860 3338
2926 3338
2953 3338
2954 3338
2996 3338
2997 3338
3078 3338
3111 3338
3118 3338
3119 3338
3138 3338
3149 3338
3161 3338
3185 3338
3189 3338
3245 3338
3297 3338
3305 3338
3324 3338
3325 3338
3326 3338
513 3339
1060 3339
1621 3339
2006 3339
2013 3339
2071 3339
2078 3339
2158 3339
2338 3339
2611 3339
2791 3339
2860 3339
2954 3339
2996 3339
2997 3339
3185 3339
3189 3339
3317 3339
3322 3339
3323 3339
3324 3339
3327 3339
3328 3339
3329 3339
3330 3339
3331 3339
3333 3339
3334 3339
3335 3339
3336 3339
3337 3339
1621 3340
2611 3340
115 3341
166 3341
466 3341
922 3341
1548 3341
1573 3341
1688 3341
1753 3341
1984 3341
2204 3341
2205 3341
2422 3341
2461 3341
2508 3341
2628 3341
2887 3341
2931 3341
2947 3341
2949 3341
3014 3341
3082 3341
3133 3341
3155 3341
3203 3341
3212 3341
3213 3341
3324 3341
3325 3341
3326 3341
3339 3341
115 3342
166 3342
513 3342
922 3342
2205 3342
2887 3342
3317 3342
3322 3342
3323 3342
3324 3342
3327 3342
3328 3342
3329 3342
3330 3342
3331 3342
3333 3342
3334 3342
3335 3342
3337 3342
3338 3342
16 3343
2090 3343
2800 3343
2853 3343
282 3344
3226 3344
3248 3344
3325 3344
3326 3344
3339 3344
3342 3344
1158 3345
1613 3345
1685 3345
1695 3345
1756 3345
1773 3345
1775 3345
1796 3345
1876 3345
1907 3345
1910 3345
1913 3345
1940 3345
2061 3345
2137 3345
2147 3345
2186 3345
2198 3345
2301 3345
2506 3345
2520 3345
2539 3345
2548 3345
2762 3345
2764 3345
2867 3345
2922 3345
2943 3345
3006 3345
3117 3345
3139 3345
3187 3345
3325 3345
3326 3345
3339 3345
3342 3345
2943 3346
58 3347
386 3347
1801 3347
1838 3347
1914 3347
2036 3347
2069 3347
2135 3347
2179 3347
2213 3347
2419 3347
2522 3347
2531 3347
2560 3347
2684 3347
2761 3347
2797 3347
2855 3347
2951 3347
2977 3347
3057 3347
3137 3347
3325 3347
3326 3347
3339 3347
3342 3347
281 3348
482 3348
581 3348
1249 3348
1265 3348
1771 3348
1968 3348
2153 3348
2454 3348
3325 3348
3326 3348
3339 3348
1270 3349
2292 3349
2770 3349
3325 3349
3326 3349
3339 3349
687 3350
1704 3350
1790 3350
1911 3350
2556 3350
2896 3350
2978 3350
3081 3350
3090 3350
3326 3350
3339 3350
3342 3350
1645 3351
1781 3351
1783 3351
1839 3351
1973 3351
2093 3351
2107 3351
2174 3351
2385 3351
2481 3351
2591 3351
2613 3351
2729 3351
2917 3351
2979 3351
3070 3351
3143 3351
3325 3351
3326 3351
3339 3351
3342 3351
1781 3352
2385 3352
2613 3352
3070 3352
3323 3352
3327 3352
3329 3352
3330 3352
3333 3352
3334 3352
3335 3352
3336 3352
3337 3352
3338 3352
3341 3352
3344 3352
3347 3352
3348 3352
3349 3352
298 3353
411 3353
652 3353
763 3353
846 3353
3136 3353
3325 3353
3326 3353
3339 3353
3352 3353
16 3354
36 3354
1731 3354
1754 3354
1982 3354
2039 3354
2170 3354
2172 3354
2409 3354
2463 3354
2519 3354
2694 3354
2755 3354
2804 3354
2900 3354
2948 3354
2961 3354
3005 3354
3270 3354
3324 3354
3326 3354
3339 3354
3342 3354
3326 3355
314 3356
547 3356
632 3356
794 3356
806 3356
1359 3356
3326 3356
319 3357
686 3357
1354 3357
2616 3357
2800 3357
2881 3357
3325 3357
3326 3357
3339 3357
3342 3357
3352 3357
734 3358
2108 3358
2143 3358
2256 3358
2630 3358
2712 3358
2800 3358
3325 3358
3326 3358
3339 3358
3342 3358
45 3359
2113 3359
3121 3359
3325 3359
3326 3359
3339 3359
3352 3359
3326 3360
508 3361
611 3361
1141 3361
2456 3361
3325 3361
3326 3361
3339 3361
3342 3361
3352 3361
3326 3362
3326 3363
320 3364
532 3364
1210 3364
1784 3364
1794 3364
3324 3364
3325 3364
3326 3364
3326 3365
3326 3366
3326 3367
3326 3368
182 3369
513 3369
611 3369
703 3369
1139 3369
1660 3369
1672 3369
1957 3369
1967 3369
2066 3369
2334 3369
2538 3369
2668 3369
2718 3369
2824 3369
3172 3369
3215 3369
3220 3369
3317 3369
3322 3369
3323 3369
3324 3369
3325 3369
3326 3369
3327 3369
3328 3369
3329 3369
3330 3369
3331 3369
3333 3369
3334 3369
3335 3369
3336 3369
3337 3369
3338 3369
3339 3369
3341 3369
3342 3369
3343 3369
3344 3369
3347 3369
3348 3369
3350 3369
3351 3369
3352 3369
3353 3369
3354 3369
3356 3369
3357 3369
3358 3369
3359 3369
3361 3369
611 3370
1570 3370
1689 3370
3074 3370
3238 3370
3243 3370
3325 3370
3326 3370
3339 3370
3342 3370
3369 3370
383 3371
1595 3371
1651 3371
1761 3371
1937 3371
1976 3371
2057 3371
2211 3371
2363 3371
2427 3371
2602 3371
2719 3371
2735 3371
2785 3371
2807 3371
2864 3371
2890 3371
2945 3371
3075 3371
3184 3371
3281 3371
3325 3371
3326 3371
3339 3371
3342 3371
3352 3371
3369 3371
17 3372
44 3372
611 3372
672 3372
1627 3372
1649 3372
1942 3372
3325 3372
3326 3372
3339 3372
3342 3372
3352 3372
3369 3372
513 3373
623 3373
3317 3373
3324 3373
3325 3373
3327 3373
3328 3373
3329 3373
3330 3373
3331 3373
3333 3373
3334 3373
3335 3373
3336 3373
3337 3373
3338 3373
3339 3373
3341 3373
3342 3373
3343 3373
3344 3373
3347 3373
3348 3373
3349 3373
3350 3373
3351 3373
3352 3373
3353 3373
3354 3373
3356 3373
3357 3373
3358 3373
3359 3373
3361 3373
3369 3373
3370 3373
3371 3373
3372 3373
384 3374
512 3374
611 3374
693 3374
821 3374
884 3374
1370 3374
2573 3374
2644 3374
2936 3374
3293 3374
3326 3374
3339 3374
3342 3374
3369 3374
3373 3374
611 3375
799 3375
1085 3375
2099 3375
2622 3375
3326 3375
3339 3375
3369 3375
3373 3375
611 3376
1567 3376
1611 3376
1615 3376
1622 3376
1696 3376
1894 3376
2119 3376
2120 3376
2304 3376
2480 3376
2500 3376
2704 3376
2730 3376
2828 3376
2842 3376
2960 3376
2975 3376
2986 3376
3158 3376
3326 3376
3339 3376
3342 3376
3369 3376
3373 3376
268 3377
611 3377
1221 3377
1316 3377
1633 3377
2045 3377
2909 3377
3326 3377
3339 3377
3342 3377
3369 3377
3373 3377
1670 3378
2543 3378
2706 3378
3322 3379
3378 3379
2642 3380
645 3381
2849 3381
112 3382
2617 3382
3323 3382
3381 3382
240 3383
2973 3383
1409 3384
3383 3384
3272 3385
3384 3385
2357 3386
1409 3387
3386 3387
633 3388
1589 3388
1643 3388
1723 3388
1844 3388
1936 3388
2259 3388
2341 3388
2342 3388
2609 3388
2708 3388
3002 3388
3110 3388
3182 3388
3235 3388
3263 3388
697 3389
1658 3389
2086 3389
2433 3389
2436 3389
2489 3389
2892 3389
3388 3389
579 3390
2567 3390
3388 3390
2296 3391
2788 3391
3388 3391
2176 3392
790 3393
1409 3393
3392 3393
3338 3394
1496 3396
3354 3397
1596 3398
1159 3399
3354 3399
819 3400
3354 3400
3328 3402
880 3405
3345 3405
322 3406
140 3407
3354 3407
1496 3409
66 3410
461 3410
628 3411
1473 3411
1506 3413
1223 3414
3354 3415
501 3416
3354 3416
149 3418
1427 3419
463 3420
3351 3420
413 3423
1521 3423
461 3424
1115 3424
3354 3426
1473 3427
1531 3428
461 3429
543 3430
1429 3430
323 3432
1435 3433
3334 3434
1415 3435
469 3436
638 3437
1521 3437
1453 3439
1493 3440
265 3441
3338 3444
3339 3444
3341 3446
1506 3448
1423 3450
1429 3452
1473 3453
735 3454
1168 3455
469 3456
1506 3459
718 3460
1506 3462
1478 3463
661 3465
3354 3466
1506 3467
626 3469
3338 3469
3338 3471
1423 3472
3354 3474
848 3475
1496 3476
1153 3477
1417 3478
467 3479
3354 3479
3331 3480
580 3482
1519 3482
1427 3483
3354 3485
425 3486
1417 3488
1206 3489
3376 3491
1506 3492
1527 3493
1473 3494
284 3495
3331 3496
739 3497
1512 3497
713 3498
1527 3498
3354 3499
1216 3500
1313 3501
138 3502
3354 3502
305 3504
1203 3505
3354 3507
1522 3508
760 3510
3331 3510
497 3511
3338 3512
3339 3512
3338 3514
742 3515
3338 3515
1527 3516
1423 3517
3371 3518
3334 3519
1078 3520
3354 3520
406 3522
3388 3523
729 3524
3369 3524
3335 3525
3345 3529
3338 3530
3339 3530
1376 3531
1531 3532
523 3533
1427 3533
1521 3534
1415 3535
1531 3537
1427 3541
514 3542
496 3544
1476 3544
1079 3546
602 3551
3376 3552
3341 3553
1506 3554
1423 3555
3345 3556
3335 3558
593 3559
620 3560
710 3561
441 3562
3345 3563
3334 3564
472 3566
1506 3568
516 3569
1441 3569
3334 3570
1293 3571
3388 3572
3331 3573
1423 3574
1248 3576
3354 3578
246 3579
1423 3579
582 3582
3338 3582
3338 3583
1871 3584
2243 3584
2657 3584
2674 3584
355 3585
3584 3585
172 3586
416 3586
571 3586
678 3586
1803 3586
1977 3586
2504 3586
2529 3586
3279 3586
3490 3586
412 3587
1372 3587
1641 3587
1700 3587
1766 3587
2003 3587
2141 3587
2225 3587
2370 3587
2757 3587
2846 3587
3586 3587
2203 3588
3587 3588
1403 3590
1404 3590
1404 3591
3589 3591
310 3592
700 3592
3072 3592
3165 3592
3590 3592
3591 3592
515 3593
3590 3593
3591 3593
3257 3594
3590 3594
3591 3594
1485 3595
1511 3595
1538 3595
1433 3596
1520 3596
1536 3596
3591 3596
234 3597
1412 3597
3590 3597
3591 3597
3592 3597
3593 3597
3594 3597
3595 3597
3596 3597
3590 3598
3591 3598
3592 3598
3595 3598
3591 3599
2115 3600
2348 3600
3202 3600
3276 3600
3590 3600
3591 3600
3597 3600
3598 3600
365 3601
373 3601
698 3601
1278 3601
2015 3601
2124 3601
2136 3601
2568 3601
2882 3601
2995 3601
3159 3601
3590 3601
3591 3601
3592 3601
3597 3601
3598 3601
2046 3602
2905 3602
3086 3602
3224 3602
3590 3602
3591 3602
3592 3602
3594 3602
3597 3602
1674 3603
1950 3603
1971 3603
2103 3603
2112 3603
2312 3603
2320 3603
2344 3603
2420 3603
2437 3603
2546 3603
2685 3603
2698 3603
2834 3603
2946 3603
2989 3603
2991 3603
3000 3603
3250 3603
3254 3603
3590 3603
3591 3603
3592 3603
3594 3603
3597 3603
195 3604
381 3604
407 3604
573 3604
574 3604
594 3604
699 3604
749 3604
1703 3604
2541 3604
3591 3604
3597 3604
3598 3604
2047 3605
3591 3605
3592 3605
3597 3605
3591 3606
3591 3607
3591 3608
1709 3609
1850 3609
1892 3609
2343 3609
2381 3609
2754 3609
2966 3609
3012 3609
3298 3609
3425 3609
3438 3609
3449 3609
3590 3609
3591 3609
3597 3609
3591 3610
3591 3611
250 3612
359 3612
1179 3612
1646 3612
1843 3612
2273 3612
2625 3612
2652 3612
2856 3612
3077 3612
3231 3612
3282 3612
3294 3612
3590 3612
3591 3612
3592 3612
3597 3612
196 3613
510 3613
528 3613
874 3613
1144 3613
1333 3613
2129 3613
2760 3613
2870 3613
3095 3613
3590 3613
3591 3613
3592 3613
3597 3613
3598 3613
3600 3613
31 3614
230 3614
758 3614
1399 3614
1737 3614
1760 3614
1811 3614
1831 3614
1893 3614
1932 3614
1963 3614
2010 3614
2018 3614
2070 3614
2195 3614
2210 3614
2239 3614
2406 3614
2441 3614
2451 3614
2479 3614
2493 3614
2499 3614
2885 3614
2910 3614
2969 3614
3033 3614
3054 3614
3083 3614
3130 3614
3289 3614
3441 3614
3468 3614
3567 3614
3597 3614
3598 3614
758 3615
3083 3615
869 3616
1387 3616
1712 3616
1836 3616
2434 3616
3300 3616
3590 3616
3591 3616
3592 3616
3597 3616
3598 3616
94 3617
791 3617
1133 3617
1156 3617
1236 3617
1624 3617
1726 3617
1751 3617
1809 3617
1935 3617
2079 3617
2122 3617
2149 3617
2197 3617
2230 3617
2236 3617
2316 3617
2317 3617
2526 3617
2627 3617
2695 3617
2732 3617
2748 3617
2906 3617
2955 3617
2990 3617
3013 3617
3210 3617
3228 3617
3249 3617
3255 3617
3256 3617
3288 3617
3422 3617
3495 3617
3562 3617
3590 3617
3591 3617
3592 3617
3597 3617
3598 3617
269 3618
1561 3618
1965 3618
3591 3618
3592 3618
23 3619
558 3619
648 3619
2202 3619
2207 3619
3232 3619
3591 3619
3592 3619
576 3620
1409 3620
2466 3621
3011 3621
1409 3622
1743 3622
3621 3622
3622 3623
236 3624
1011 3624
2583 3624
2088 3626
2109 3626
3503 3626
3624 3626
3625 3626
1749 3627
2355 3627
1409 3628
3627 3628
1102 3629
2875 3629
1447 3630
1481 3630
3629 3630
1970 3631
2196 3631
2515 3631
3322 3632
3631 3632
48 3633
443 3633
1446 3633
1740 3633
2283 3633
2796 3633
2811 3633
3388 3634
1746 3637
2390 3637
155 3638
184 3638
190 3638
231 3638
376 3638
1582 3638
1629 3638
1647 3638
1719 3638
1720 3638
1722 3638
1746 3638
1759 3638
1782 3638
1846 3638
1866 3638
2077 3638
2222 3638
2240 3638
2311 3638
2318 3638
2390 3638
2431 3638
2494 3638
2509 3638
2614 3638
2678 3638
2720 3638
2837 3638
2854 3638
3024 3638
3156 3638
3418 3638
3501 3638
3504 3638
3580 3638
92 3639
159 3639
705 3639
1101 3639
1575 3639
1590 3639
1631 3639
1661 3639
1691 3639
1725 3639
1730 3639
1817 3639
1826 3639
1837 3639
1880 3639
1882 3639
1954 3639
1974 3639
1980 3639
1994 3639
2048 3639
2084 3639
2092 3639
2134 3639
2167 3639
2227 3639
2229 3639
2234 3639
2242 3639
2287 3639
2324 3639
2376 3639
2389 3639
2397 3639
2410 3639
2442 3639
2446 3639
2453 3639
2459 3639
2465 3639
2503 3639
2540 3639
2604 3639
2606 3639
2631 3639
2632 3639
2643 3639
2659 3639
2667 3639
2733 3639
2831 3639
2832 3639
2848 3639
2866 3639
2913 3639
2924 3639
2928 3639
2935 3639
2963 3639
3025 3639
3032 3639
3045 3639
3050 3639
3068 3639
3104 3639
3128 3639
3147 3639
3167 3639
3191 3639
3192 3639
3211 3639
3219 3639
3234 3639
3278 3639
3408 3639
3417 3639
3447 3639
3470 3639
3481 3639
3509 3639
3521 3639
3522 3639
3528 3639
3545 3639
3566 3639
3636 3639
1377 3640
1310 3641
1377 3641
2303 3641
2646 3641
2984 3641
3241 3641
3242 3641
3636 3641
169 3642
237 3642
1699 3642
1735 3642
1747 3642
1789 3642
1960 3642
2011 3642
2038 3642
2169 3642
2185 3642
2208 3642
2298 3642
2383 3642
2384 3642
2398 3642
2421 3642
2557 3642
2636 3642
2739 3642
2752 3642
2835 3642
2845 3642
2847 3642
2852 3642
3055 3642
3115 3642
3125 3642
3271 3642
3395 3642
3634 3642
3636 3642
258 3643
397 3643
823 3643
877 3643
1261 3643
1791 3643
2492 3643
2495 3643
2923 3643
3253 3643
3636 3643
87 3644
114 3644
143 3644
1707 3644
1708 3644
1738 3644
1834 3644
1888 3644
1901 3644
1925 3644
1999 3644
2009 3644
2087 3644
2125 3644
2192 3644
2268 3644
2300 3644
2378 3644
2467 3644
2475 3644
2512 3644
2527 3644
2658 3644
2693 3644
2715 3644
2728 3644
2743 3644
2841 3644
2911 3644
2993 3644
3141 3644
3142 3644
3151 3644
3166 3644
3168 3644
3205 3644
3274 3644
3464 3644
3636 3644
2512 3645
2658 3645
1386 3646
2042 3646
1266 3647
2004 3647
2019 3647
2150 3647
2403 3647
2582 3647
3199 3647
3636 3647
527 3648
1192 3648
1193 3648
1364 3648
1652 3648
1944 3648
2276 3648
2330 3648
2448 3648
3096 3648
3636 3648
150 3649
366 3649
387 3649
802 3649
883 3649
2034 3649
2575 3649
3207 3649
3636 3649
2128 3650
2921 3650
1298 3651
1612 3651
1616 3651
1734 3651
1792 3651
2017 3651
2023 3651
2035 3651
2128 3651
2351 3651
2457 3651
2460 3651
2676 3651
2716 3651
2734 3651
2775 3651
2891 3651
2921 3651
2941 3651
3015 3651
3020 3651
3403 3651
3443 3651
3540 3651
3636 3651
354 3652
860 3652
1341 3652
2501 3652
3636 3652
684 3653
2564 3653
2575 3653
3636 3653
551 3654
817 3654
1997 3654
2490 3654
2530 3654
2717 3654
3636 3654
1319 3655
2034 3655
2130 3655
2245 3655
2575 3655
1962 3656
2249 3656
3098 3656
3636 3656
680 3657
725 3657
1094 3657
1371 3657
2163 3657
2327 3657
2545 3657
3636 3657
664 3658
1550 3658
1786 3658
1887 3658
1945 3658
2322 3658
3260 3658
95 3659
146 3659
197 3659
1559 3659
2738 3659
54 3660
76 3660
175 3660
178 3660
584 3660
674 3660
1603 3660
2165 3660
2580 3660
2863 3660
3093 3660
3636 3660
64 3661
1569 3661
1592 3661
1711 3661
1806 3661
1902 3661
1991 3661
2005 3661
2029 3661
2058 3661
2502 3661
2596 3661
2648 3661
2663 3661
2686 3661
2707 3661
2756 3661
2833 3661
2844 3661
2950 3661
2964 3661
3051 3661
3052 3661
3262 3661
3451 3661
3636 3661
3642 3661
2648 3662
2844 3662
296 3663
1975 3663
2020 3663
3636 3663
239 3664
559 3664
1155 3664
1547 3664
1564 3664
1636 3664
1821 3664
1906 3664
1988 3664
2062 3664
2101 3664
2194 3664
2269 3664
2270 3664
2277 3664
2299 3664
2305 3664
2332 3664
2426 3664
2482 3664
2593 3664
2594 3664
2599 3664
2714 3664
2836 3664
2843 3664
2868 3664
2874 3664
2938 3664
2959 3664
3036 3664
3038 3664
3442 3664
3505 3664
3546 3664
3636 3664
6 3665
356 3665
1191 3665
1776 3665
3636 3665
1480 3666
3373 3666
3634 3666
3642 3666
1480 3667
1504 3667
3373 3667
3642 3667
3658 3667
1392 3668
1480 3668
3373 3668
3636 3668
3638 3668
3639 3668
3641 3668
3642 3668
3643 3668
3644 3668
3646 3668
3647 3668
3648 3668
3649 3668
3651 3668
3653 3668
3654 3668
3655 3668
3656 3668
3657 3668
3658 3668
3659 3668
3660 3668
3661 3668
3663 3668
3664 3668
3665 3668
3668 3669
13 3670
123 3670
189 3670
270 3670
861 3670
1395 3670
1551 3670
1594 3670
1597 3670
1618 3670
1619 3670
1620 3670
1668 3670
1724 3670
1812 3670
1816 3670
1819 3670
1841 3670
1853 3670
1864 3670
1875 3670
1898 3670
1921 3670
1934 3670
1953 3670
1990 3670
2008 3670
2022 3670
2054 3670
2083 3670
2095 3670
2127 3670
2155 3670
2160 3670
2178 3670
2199 3670
2237 3670
2315 3670
2339 3670
2354 3670
2365 3670
2393 3670
2396 3670
2407 3670
2429 3670
2464 3670
2472 3670
2483 3670
2498 3670
2525 3670
2534 3670
2550 3670
2601 3670
2608 3670
2620 3670
2662 3670
2677 3670
2713 3670
2740 3670
2773 3670
2783 3670
2814 3670
2869 3670
2878 3670
2880 3670
2889 3670
2901 3670
2920 3670
2930 3670
2933 3670
2942 3670
2956 3670
2965 3670
2968 3670
3007 3670
3016 3670
3018 3670
3041 3670
3044 3670
3046 3670
3048 3670
3065 3670
3067 3670
3112 3670
3134 3670
3145 3670
3162 3670
3163 3670
3179 3670
3194 3670
3196 3670
3208 3670
3239 3670
3290 3670
3455 3670
3475 3670
3500 3670
3531 3670
3542 3670
3561 3670
3565 3670
3667 3670
3668 3670
1594 3671
1668 3671
2 3672
15 3672
20 3672
332 3672
408 3672
429 3672
539 3672
659 3672
665 3672
835 3672
839 3672
896 3672
993 3672
997 3672
1296 3672
1307 3672
1927 3672
2055 3672
2154 3672
2258 3672
2371 3672
2392 3672
2577 3672
3404 3672
3445 3672
3461 3672
3484 3672
3513 3672
3526 3672
3536 3672
3547 3672
3548 3672
3549 3672
3575 3672
3581 3672
3634 3672
3666 3672
3668 3672
1337 3673
1368 3673
1951 3673
2044 3673
3666 3673
3668 3673
1211 3674
1787 3674
2001 3674
2118 3674
2278 3674
2808 3674
3259 3674
3666 3674
3668 3674
9 3675
353 3675
470 3675
473 3675
1593 3675
1606 3675
1686 3675
1733 3675
1813 3675
1833 3675
1884 3675
1917 3675
1926 3675
1931 3675
2121 3675
2132 3675
2145 3675
2251 3675
2308 3675
2329 3675
2374 3675
2379 3675
2405 3675
2488 3675
2634 3675
2655 3675
2691 3675
2700 3675
2759 3675
2781 3675
2798 3675
2883 3675
2918 3675
2927 3675
2929 3675
3126 3675
3135 3675
3197 3675
3280 3675
3304 3675
3454 3675
3487 3675
3551 3675
3560 3675
3668 3675
1235 3676
3135 3676
3638 3676
424 3677
810 3677
1400 3677
1642 3677
1717 3677
1729 3677
1828 3677
1863 3677
1886 3677
1941 3677
1981 3677
2072 3677
2082 3677
2257 3677
2382 3677
2400 3677
2619 3677
2647 3677
2661 3677
2703 3677
2751 3677
2766 3677
2771 3677
3100 3677
3164 3677
3183 3677
3230 3677
3275 3677
3457 3677
3486 3677
3634 3677
3666 3677
3668 3677
1400 3678
1886 3678
2647 3678
657 3679
1588 3679
1923 3679
2159 3679
2215 3679
2286 3679
2302 3679
2404 3679
2705 3679
3223 3679
3227 3679
3667 3679
3668 3679
28 3680
1758 3680
1851 3680
1852 3680
1933 3680
1946 3680
1987 3680
2142 3680
2217 3680
2289 3680
2458 3680
2610 3680
2692 3680
2806 3680
2830 3680
3031 3680
3085 3680
3401 3680
3511 3680
3668 3680
1697 3681
1705 3681
1706 3681
1748 3681
2242 3681
2425 3681
2444 3681
2554 3681
2736 3681
3042 3681
3106 3681
3195 3681
3283 3681
3284 3681
3668 3681
1804 3682
2517 3682
2902 3682
3088 3682
3668 3682
3295 3683
200 3684
1614 3684
1677 3684
1683 3684
1912 3684
1969 3684
2266 3684
2579 3684
2621 3684
2660 3684
2711 3684
2810 3684
3034 3684
3087 3684
3152 3684
3251 3684
3668 3684
1614 3685
2660 3685
3684 3685
3635 3686
3666 3686
3667 3686
3668 3686
3667 3687
3668 3687
3373 3688
3686 3688
3687 3688
3686 3689
1204 3690
1552 3690
1640 3690
2742 3690
2850 3690
2981 3690
3170 3690
3240 3690
3291 3690
3686 3690
3687 3690
553 3691
1086 3691
1571 3691
1591 3691
1858 3691
1904 3691
2265 3691
2362 3691
2408 3691
2710 3691
2741 3691
2767 3691
2829 3691
3071 3691
3577 3691
3686 3691
3687 3691
245 3692
631 3692
1154 3692
1608 3692
1630 3692
1820 3692
1827 3692
2238 3692
2246 3692
2805 3692
2872 3692
2916 3692
3686 3692
3687 3692
1824 3693
2699 3693
2967 3693
3686 3693
1824 3694
2967 3694
3687 3694
3690 3694
3691 3694
3692 3694
1714 3695
1765 3695
2016 3695
2190 3695
2241 3695
2510 3695
2914 3695
3037 3695
3089 3695
3160 3695
3266 3695
3458 3695
3465 3695
3543 3695
3686 3695
3687 3695
3694 3695
596 3696
1632 3696
1878 3696
2244 3696
2252 3696
2414 3696
2547 3696
2549 3696
2590 3696
2768 3696
2851 3696
2907 3696
2919 3696
2940 3696
3017 3696
3040 3696
3209 3696
3412 3696
3414 3696
3421 3696
3460 3696
3473 3696
3506 3696
3550 3696
3559 3696
3571 3696
3686 3696
3687 3696
3694 3696
2252 3697
2590 3697
242 3698
1096 3698
1922 3698
1928 3698
1986 3698
2191 3698
2235 3698
2352 3698
2443 3698
2537 3698
2629 3698
2763 3698
2822 3698
3030 3698
3039 3698
3406 3698
3431 3698
3538 3698
3576 3698
3686 3698
3687 3698
3694 3698
225 3699
1741 3699
2025 3699
2033 3699
2075 3699
2139 3699
2372 3699
2826 3699
2877 3699
2983 3699
3188 3699
3201 3699
3236 3699
3489 3699
3527 3699
3539 3699
3557 3699
3686 3699
3687 3699
3694 3699
2665 3700
2696 3700
3222 3700
3686 3700
3687 3700
211 3701
544 3701
683 3701
1338 3701
2306 3701
2970 3701
3691 3701
1872 3703
2513 3703
2650 3703
3702 3703
1269 3704
3703 3704
313 3705
1481 3705
2319 3705
2745 3705
2972 3705
3097 3705
3108 3705
3140 3705
3261 3705
1447 3706
2319 3706
2972 3706
3108 3706
3705 3706
2790 3707
193 3709
1447 3709
1481 3709
1972 3709
3707 3709
3708 3709
1524 3710
1742 3710
2423 3711
3710 3711
3710 3712
2871 3713
1410 3714
2209 3714
3713 3714
3714 3715
1195 3716
1586 3716
1909 3716
3043 3716
3716 3717
1409 3718
3131 3719
3323 3719
3102 3720
3719 3720
177 3721
1600 3721
1956 3721
2144 3721
2309 3721
2671 3721
1398 3722
1964 3722
2772 3722
1374 3723
1815 3723
2104 3723
2310 3723
2337 3723
2358 3723
2386 3723
3114 3723
3721 3723
3722 3723
1780 3724
3723 3724
1409 3725
2359 3725
1873 3726
1392 3727
1449 3727
3634 3727
3638 3727
3639 3727
3641 3727
3642 3727
3643 3727
3644 3727
3646 3727
3647 3727
3648 3727
3649 3727
3651 3727
3652 3727
3653 3727
3654 3727
3655 3727
3656 3727
3657 3727
3659 3727
3660 3727
3661 3727
3663 3727
3664 3727
3665 3727
3666 3727
3667 3727
3670 3727
3672 3727
3673 3727
3674 3727
3675 3727
3677 3727
3679 3727
3680 3727
3681 3727
3682 3727
3684 3727
3688 3727
1474 3728
623 3729
1392 3729
1448 3729
1449 3729
3634 3729
3638 3729
3639 3729
3641 3729
3642 3729
3643 3729
3644 3729
3646 3729
3647 3729
3648 3729
3649 3729
3651 3729
3652 3729
3653 3729
3654 3729
3655 3729
3656 3729
3657 3729
3659 3729
3660 3729
3661 3729
3663 3729
3664 3729
3665 3729
3667 3729
3670 3729
3672 3729
3673 3729
3674 3729
3675 3729
3677 3729
3679 3729
3680 3729
3681 3729
3682 3729
3683 3729
3684 3729
3688 3729
1468 3730
3529 3731
3353 3732
3391 3733
1392 3734
1588 3734
2159 3734
3223 3734
3636 3734
3638 3734
3639 3734
3641 3734
3642 3734
3643 3734
3644 3734
3647 3734
3648 3734
3649 3734
3651 3734
3655 3734
3656 3734
3657 3734
3658 3734
3660 3734
3661 3734
3663 3734
3664 3734
3666 3734
3670 3734
3672 3734
3673 3734
3674 3734
3675 3734
3677 3734
3680 3734
3681 3734
3684 3734
3686 3734
3614 3735
1659 3736
2556 3737
3694 3738
3696 3739
3337 3740
3316 3741
2710 3742
1392 3743
2673 3744
3201 3745
3668 3746
3690 3746
3691 3746
3692 3746
3693 3746
3695 3746
3696 3746
3698 3746
3699 3746
3700 3746
1453 3747
2793 3748
252 3749
261 3749
277 3749
283 3749
561 3749
622 3749
828 3749
871 3749
899 3749
913 3749
920 3749
931 3749
943 3749
960 3749
967 3749
974 3749
983 3749
988 3749
992 3749
999 3749
1003 3749
1009 3749
1018 3749
1033 3749
1045 3749
1049 3749
1053 3749
1057 3749
1059 3749
1183 3749
1222 3749
3673 3749
3156 3750
611 3751
1411 3751
1412 3751
3326 3751
3373 3751
2696 3752
2242 3753
2579 3754
1172 3755
344 3756
609 3756
629 3756
658 3756
893 3756
917 3756
956 3756
986 3756
996 3756
1007 3756
3317 3756
2341 3757
2342 3757
1550 3758
1786 3758
1887 3758
1945 3758
2043 3758
3260 3758
2515 3759
2283 3760
2611 3761
3191 3762
2696 3763
3241 3764
3113 3765
3327 3766
1894 3767
2794 3768
2795 3769
3339 3770
2514 3771
2821 3772
3660 3773
3070 3774
2638 3775
1444 3776
3323 3776
2697 3777
895 3778
2428 3779
2309 3780
389 3781
1351 3781
1955 3781
2205 3782
1707 3783
2791 3784
277 3785
461 3785
2200 3786
1786 3787
14 3788
2864 3789
868 3790
603 3791
1497 3792
2793 3793
3034 3794
2511 3795
2068 3796
1602 3797
2989 3798
2729 3799
2862 3800
948 3801
1166 3802
3201 3802
925 3803
1509 3804
3257 3805
1736 3806
1524 3807
1539 3807
1805 3807
1957 3808
234 3809
1411 3809
1412 3809
3591 3809
3592 3809
3593 3809
3594 3809
3595 3809
3596 3809
3600 3809
3601 3809
3602 3809
3603 3809
3604 3809
3605 3809
3609 3809
3612 3809
3613 3809
3614 3809
3616 3809
3617 3809
2811 3810
3660 3811
910 3812
3337 3813
2032 3814
603 3815
1481 3816
1865 3816
2753 3816
3311 3816
2273 3817
481 3818
1637 3819
3687 3820
1494 3821
1625 3822
1797 3823
3260 3824
456 3825
461 3825
466 3825
469 3825
476 3825
484 3825
1199 3825
1493 3825
1494 3825
1496 3825
1497 3825
1499 3825
1504 3825
1505 3825
1506 3825
1507 3825
3324 3825
3325 3825
3326 3825
603 3826
1493 3827
2253 3828
3687 3829
3690 3829
3691 3829
3692 3829
3693 3829
3695 3829
3696 3829
3698 3829
3699 3829
3127 3830
3285 3831
1605 3832
1429 3833
299 3834
311 3834
320 3834
337 3834
343 3834
348 3834
836 3834
865 3834
925 3834
947 3834
963 3834
979 3834
1000 3834
1065 3834
1132 3834
1170 3834
1348 3834
3364 3834
917 3835
1902 3836
1787 3837
1787 3838
922 3839
922 3840
922 3841
2697 3842
1157 3843
1222 3843
344 3844
629 3844
658 3844
792 3844
1111 3845
1486 3845
2206 3845
2271 3845
3595 3845
206 3846
317 3846
1207 3846
913 3847
2362 3848
3663 3849
2910 3850
3312 3851
3063 3852
2424 3853
922 3854
922 3855
3338 3856
922 3857
2727 3858
2283 3859
1207 3860
3369 3861
326 3862
343 3862
1763 3862
456 3863
461 3863
466 3863
469 3863
476 3863
484 3863
1199 3863
1492 3863
1493 3863
1494 3863
1496 3863
1497 3863
1499 3863
1505 3863
1506 3863
1507 3863
3324 3863
3325 3863
3326 3863
2284 3864
2018 3865
3076 3866
1874 3867
3335 3868
1865 3869
3617 3870
3333 3871
2529 3872
910 3873
3327 3874
1869 3875
3203 3876
266 3877
327 3877
1420 3877
2795 3878
2282 3879
3361 3880
1786 3881
3248 3882
3591 3883
2191 3884
2696 3885
2271 3886
2795 3887
1329 3888
3361 3889
1529 3890
2697 3891
974 3892
1352 3893
1336 3894
1449 3894
1466 3894
1638 3894
1650 3894
1681 3894
1687 3894
1728 3894
1807 3894
1961 3894
2148 3894
2261 3894
2364 3894
2641 3894
2820 3894
2876 3894
3080 3894
3123 3894
3204 3894
3432 3894
3477 3894
2068 3895
2703 3896
3374 3897
3131 3898
3323 3898
893 3899
3125 3900
943 3901
2511 3902
2641 3903
897 3904
374 3905
2823 3906
3235 3907
2515 3908
2889 3909
2934 3910
1473 3911
1529 3912
950 3913
870 3914
911 3914
929 3914
972 3914
981 3914
1358 3914
2046 3914
1122 3915
1175 3915
1213 3915
1247 3915
2791 3916
2792 3916
871 3917
930 3918
833 3919
2889 3920
3665 3921
2775 3922
2939 3923
1449 3924
3666 3924
3668 3924
959 3925
943 3926
3722 3927
2006 3928
2090 3929
2791 3930
853 3931
867 3931
894 3931
909 3931
918 3931
927 3931
1348 3931
1420 3931
1231 3932
466 3933
1499 3933
3643 3934
2888 3935
76 3936
1490 3937
3347 3938
951 3939
1786 3940
847 3941
2706 3942
2393 3943
3647 3944
1111 3945
847 3946
847 3947
989 3948
989 3949
2889 3950
920 3951
2208 3952
1614 3953
1456 3954
870 3955
931 3956
2847 3957
2424 3958
967 3959
2697 3960
2929 3961
3342 3962
2091 3963
2297 3964
955 3965
3648 3966
982 3967
2283 3968
3633 3968
898 3969
1824 3970
2155 3971
2933 3971
3347 3972
1599 3973
2819 3974
1504 3975
3661 3975
3679 3975
3686 3975
1648 3976
1694 3976
1869 3976
2747 3976
1803 3977
3672 3978
2424 3979
3686 3980
3361 3981
374 3982
2620 3983
973 3984
3131 3985
2253 3986
899 3987
1644 3988
2729 3989
2920 3990
1786 3991
920 3992
930 3993
1521 3994
2426 3995
1786 3996
1787 3996
266 3997
327 3997
343 3997
1132 3997
1233 3998
966 3999
3591 4000
960 4001
983 4002
1468 4003
2503 4004
2766 4005
3094 4006
1493 4007
1456 4008
2793 4009
1957 4010
3334 4011
3647 4012
3647 4013
3698 4014
866 4015
1891 4016
3377 4017
3597 4018
3144 4019
461 4020
469 4020
476 4020
484 4020
1199 4020
1491 4020
1492 4020
1493 4020
1494 4020
1496 4020
1497 4020
1499 4020
1505 4020
1506 4020
1507 4020
3666 4020
3667 4020
3668 4020
559 4021
559 4022
559 4023
942 4024
2934 4025
1476 4026
559 4027
559 4028
893 4029
966 4030
3647 4031
938 4032
2617 4033
947 4034
1648 4035
1694 4035
1869 4035
2747 4035
3369 4036
559 4037
3661 4037
911 4038
2342 4039
1524 4040
3711 4040
908 4041
2791 4042
3722 4043
2546 4044
3373 4045
3125 4046
2706 4047
3707 4048
516 4049
1786 4049
2796 4050
2790 4051
2123 4052
2706 4053
1452 4054
3361 4055
2466 4056
1468 4057
2888 4058
1439 4059
1443 4059
1490 4059
1509 4059
1517 4059
1522 4059
1543 4059
3380 4059
3388 4059
3584 4059
3587 4059
3626 4059
3667 4059
3668 4059
3703 4059
3717 4059
3723 4059
2793 4060
3597 4061
2284 4062
3269 4063
3438 4064
3256 4065
3604 4066
2888 4067
2888 4068
3674 4069
1865 4070
2888 4071
3474 4072
1458 4073
1416 4074
476 4075
2536 4076
3241 4077
1948 4078
3601 4079
461 4080
469 4080
476 4080
484 4080
1199 4080
1491 4080
1493 4080
1494 4080
1496 4080
1497 4080
1499 4080
1505 4080
1506 4080
1507 4080
3666 4080
3667 4080
3668 4080
2936 4081
2995 4082
1431 4083
3370 4084
3004 4085
1652 4086
2572 4087
3648 4088
1686 4089
153 4090
2263 4091
2380 4092
2264 4093
153 4094
1829 4095
1681 4096
1681 4097
1237 4098
1569 4099
2374 4100
1786 4101
1458 4102
2519 4103
1658 4104
2887 4105
345 4106
3695 4107
257 4108
2286 4109
3223 4110
989 4111
3438 4112
989 4113
320 4114
345 4115
1157 4116
1222 4116
3349 4117
1476 4118
1222 4119
3349 4120
1157 4121
1222 4121
345 4122
343 4123
3328 4123
1459 4124
345 4125
345 4126
1237 4127
1237 4128
2026 4129
1452 4130
1237 4131
1237 4132
1237 4133
3319 4134
1472 4135
345 4136
3258 4137
3287 4137
3597 4137
3265 4138
1475 4139
3602 4140
2617 4141
3323 4141
3381 4141
2859 4142
2904 4143
1434 4144
1957 4145
394 4146
3601 4147
2955 4148
1521 4149
3285 4150
345 4151
345 4152
345 4153
1543 4154
1440 4155
2781 4156
3672 4156
591 4157
644 4157
662 4157
864 4157
907 4157
924 4157
946 4157
962 4157
978 4157
990 4157
1015 4157
1042 4157
1157 4157
1457 4157
252 4158
1132 4159
3123 4160
1831 4161
1786 4162
1518 4163
833 4164
345 4165
3721 4166
2828 4167
3268 4168
1468 4169
345 4170
2860 4171
3656 4172
591 4173
644 4173
662 4173
1222 4173
633 4174
1185 4175
3258 4176
3591 4176
2156 4177
2013 4178
3614 4179
2036 4180
1237 4181
1237 4182
1237 4183
1786 4184
945 4185
289 4186
1001 4187
971 4188
954 4189
954 4190
1024 4191
3063 4192
2909 4193
3165 4194
936 4195
3063 4196
936 4197
864 4198
3063 4199
3063 4200
980 4201
2909 4202
986 4203
991 4204
1021 4205
963 4206
1044 4207
915 4208
999 4209
916 4210
3064 4211
3064 4212
988 4213
2624 4214
3064 4215
3597 4216
979 4217
1049 4218
1998 4219
2909 4220
288 4221
873 4222
941 4223
929 4224
1008 4225
992 4226
953 4227
1046 4228
863 4229
1018 4230
1032 4231
3591 4232
3687 4232
894 4233
998 4234
1482 4235
890 4236
970 4237
996 4238
2908 4239
923 4240
940 4241
1055 4242
1786 4243
1003 4244
3374 4245
999 4246
906 4247
985 4248
915 4249
1002 4250
1786 4251
1786 4252
978 4253
867 4254
1019 4255
3190 4256
894 4257
1052 4258
872 4259
924 4260
1237 4261
1237 4262
1237 4263
919 4264
1237 4265
1237 4266
2825 4267
1007 4268
1016 4269
909 4270
2908 4271
1022 4272
1023 4273
1009 4274
1817 4275
1882 4275
3045 4275
900 4276
927 4277
907 4278
1017 4279
1045 4280
2908 4281
1238 4282
1048 4283
1475 4284
3597 4285
891 4286
978 4287
937 4288
962 4289
902 4290
946 4291
2777 4292
1000 4293
998 4294
936 4295
1008 4296
923 4297
3241 4298
995 4299
928 4300
996 4301
1786 4302
1786 4303
1020 4304
980 4305
1879 4306
2640 4307
291 4308
994 4309
1042 4310
958 4311
302 4312
961 4313
291 4314
1058 4315
965 4316
1787 4317
958 4318
1041 4319
304 4320
292 4321
1026 4322
3639 4323
964 4324
1040 4325
3064 4326
3597 4327
3668 4327
990 4328
1015 4329
981 4330
2679 4331
3076 4332
3076 4333
984 4334
965 4335
957 4336
1006 4337
987 4338
987 4339
293 4340
1059 4341
2090 4342
2800 4342
2853 4342
3326 4342
3339 4342
3342 4342
1053 4343
977 4344
1059 4345
1483 4346
293 4347
969 4348
3086 4349
972 4350
1025 4351
949 4352
957 4353
1056 4354
1015 4355
294 4356
1043 4357
3285 4358
303 4359
939 4360
1034 4361
3063 4362
3063 4363
1031 4364
1237 4365
1237 4366
1237 4367
1035 4368
1786 4369
872 4370
900 4370
1145 4370
2045 4370
1831 4371
1039 4372
3656 4373
2762 4374
3285 4375
1057 4376
2954 4377
252 4378
1037 4379
3279 4380
1786 4381
1036 4382
307 4383
843 4384
840 4385
301 4386
859 4387
838 4388
3665 4389
1054 4390
2850 4391
2701 4392
1951 4393
3474 4394
2566 4395
3657 4396
2676 4397
2268 4398
1730 4399
1946 4400
2359 4401
2696 4402
3374 4403
2068 4404
1949 4405
1070 4406
3663 4407
1690 4408
1570 4409
1518 4410
3660 4411
164 4412
1957 4413
3653 4414
3336 4415
3336 4416
1444 4417
2259 4418
2131 4419
1911 4420
2746 4421
2847 4422
2464 4423
1614 4424
1910 4425
3665 4426
3327 4427
1614 4428
1987 4429
347 4430
394 4430
3663 4431
2273 4432
3672 4433
2629 4434
2696 4435
3336 4436
1542 4437
2973 4438
2144 4439
3372 4440
3089 4441
3418 4442
3649 4443
3643 4444
3093 4445
2824 4446
1988 4447
1889 4448
1889 4449
1605 4450
2973 4451
3418 4452
3647 4453
2869 4454
3357 4455
3333 4456
2084 4457
2590 4458
1070 4459
2714 4460
2008 4461
1518 4462
2470 4463
2635 4464
2736 4465
3643 4466
3359 4467
3326 4468
2763 4469
2101 4470
1636 4471
3652 4472
2549 4473
3357 4474
3389 4475
2086 4476
3591 4477
1468 4478
3686 4479
1303 4480
784 4481
1590 4482
3327 4483
2868 4484
1786 4485
3661 4486
2482 4487
3564 4488
1786 4489
189 4490
1435 4491
1786 4492
2575 4493
2932 4494
3695 4495
3372 4496
3357 4497
3336 4498
1070 4499
3586 4500
3665 4501
3672 4502
2190 4503
1542 4504
3005 4505
1786 4506
1786 4507
1786 4508
2611 4509
3330 4510
2851 4511
1786 4512
3146 4513
3586 4514
3353 4515
2034 4516
2707 4517
2309 4518
3374 4519
2078 4520
3660 4521
320 4522
2547 4523
3353 4524
2972 4525
1870 4526
1224 4527
1824 4528
1313 4529
2881 4530
3348 4531
3301 4532
3348 4533
2783 4534
2839 4535
3649 4536
3541 4537
3358 4538
3644 4539
3444 4540
3333 4541
2579 4542
3341 4543
2273 4544
2424 4545
2071 4546
1542 4547
3530 4548
3372 4549
2573 4550
3338 4551
1095 4552
651 4553
1786 4554
3541 4555
2349 4556
2793 4557
3372 4558
611 4559
1068 4559
2725 4559
2912 4559
3342 4559
3369 4559
3373 4559
1418 4560
1901 4561
1303 4562
1224 4563
2436 4564
1518 4565
1570 4566
2187 4567
3330 4568
3242 4569
14 4570
1409 4571
3383 4571
3385 4571
3701 4572
3214 4573
3677 4574
2610 4575
461 4576
2747 4577
3654 4578
2088 4579
1468 4580
2543 4581
2877 4582
3660 4583
2227 4584
3361 4585
2088 4586
2674 4587
3527 4588
2346 4589
1570 4590
2409 4591
2934 4592
3069 4593
169 4594
2979 4595
1904 4596
169 4597
3539 4598
1409 4599
1743 4599
3621 4599
2193 4600
2410 4601
2989 4602
2939 4603
2666 4604
2919 4605
2558 4606
3372 4607
3487 4608
2414 4609
2209 4610
3567 4611
1944 4612
2800 4613
1608 4614
3125 4615
2426 4616
1527 4617
1528 4617
1529 4617
1540 4617
3322 4617
3710 4617
3189 4618
3639 4619
2115 4620
1442 4621
1730 4622
1472 4623
1660 4624
2788 4625
2712 4626
3353 4627
2211 4628
2465 4629
3655 4630
1468 4631
2141 4632
3361 4633
1848 4634
3453 4635
3672 4636
3613 4637
1781 4638
1962 4639
1207 4640
14 4641
3672 4642
3567 4643
1957 4644
2596 4645
2177 4646
1820 4647
3663 4648
3280 4649
3121 4650
3512 4651
3565 4652
1502 4653
3201 4654
1076 4655
2002 4656
2306 4657
3059 4658
14 4659
3361 4660
3313 4661
14 4662
3402 4663
2585 4664
3311 4665
1647 4666
3641 4667
3130 4668
1900 4669
1428 4670
2862 4671
1528 4672
1890 4673
2088 4674
2065 4675
2778 4676
1905 4677
3033 4678
3033 4679
700 4680
3257 4681
1991 4682
1325 4683
2319 4684
2579 4685
2613 4686
2235 4687
2522 4688
164 4689
2253 4690
3288 4691
2804 4692
2862 4693
3284 4694
252 4695
283 4695
561 4695
2018 4696
3663 4697
1528 4698
2533 4699
2038 4700
1473 4701
1426 4702
2424 4703
3130 4704
1692 4705
1426 4706
1070 4707
2460 4708
3038 4709
1570 4710
3665 4711
2589 4712
2625 4713
1427 4714
3329 4715
1472 4716
3285 4717
3665 4718
1518 4719
631 4720
2511 4721
1453 4722
2590 4723
2120 4724
1655 4725
113 4726
3070 4727
2338 4728
2116 4729
2340 4730
3351 4731
1552 4732
2996 4733
1591 4734
2989 4735
1257 4736
2511 4737
1744 4738
3328 4739
1591 4740
1086 4741
466 4742
466 4743
2451 4744
3496 4745
3238 4746
1743 4747
2999 4748
1527 4749
2888 4750
3329 4751
2035 4752
1824 4753
2157 4754
3493 4755
1755 4756
1848 4757
1805 4758
337 4759
1445 4759
1521 4760
1731 4761
3318 4762
2285 4763
793 4764
2159 4765
3464 4766
2340 4767
1869 4768
3329 4769
1869 4770
3029 4771
3185 4772
3681 4773
466 4774
1915 4775
3329 4776
3440 4777
1308 4778
2180 4779
2721 4780
3369 4781
3333 4782
2765 4783
1659 4784
1655 4785
2278 4786
2285 4787
1426 4788
1955 4789
2616 4790
1527 4791
2063 4792
2858 4793
3333 4794
3371 4795
1759 4796
3358 4797
2463 4798
2613 4799
1518 4800
1976 4801
3649 4802
1544 4803
1793 4804
2876 4805
1672 4806
3124 4807
1770 4808
2545 4809
2983 4810
2434 4811
1539 4812
2077 4813
3613 4814
2348 4815
2253 4816
2756 4817
3643 4818
3329 4819
2311 4820
3180 4821
2252 4822
1070 4823
3648 4824
3241 4825
3711 4826
2403 4827
3312 4828
2335 4829
3361 4830
2285 4831
3216 4832
466 4833
3327 4834
1844 4835
2361 4836
1584 4837
2239 4838
2612 4839
3180 4840
2335 4841
2221 4842
793 4843
1232 4844
2253 4845
3329 4846
3319 4847
3327 4848
2265 4849
3574 4850
2617 4851
3333 4852
2624 4853
3115 4854
2312 4855
1426 4856
2348 4857
2570 4858
3614 4859
3250 4860
3285 4861
1473 4862
1650 4863
1430 4864
2493 4865
2576 4866
3154 4867
3656 4868
1428 4869
1475 4870
2499 4871
1637 4872
1708 4873
3237 4874
2871 4875
458 4876
1486 4877
1768 4878
3375 4879
1624 4880
2488 4881
2192 4882
3063 4883
2697 4884
390 4885
1416 4886
2856 4887
2330 4888
466 4889
2298 4890
1617 4891
14 4892
3171 4893
2696 4894
443 4895
2088 4896
1734 4897
266 4898
327 4898
337 4898
2088 4899
2253 4900
1497 4901
2989 4902
1957 4903
1489 4904
2347 4905
1957 4906
3651 4907
2238 4908
1540 4909
1621 4910
1172 4911
800 4912
2989 4913
1535 4914
3596 4914
2697 4915
3017 4916
2807 4917
2789 4918
3143 4919
2523 4920
2776 4921
266 4922
327 4922
337 4922
2697 4923
257 4924
326 4924
337 4924
343 4924
344 4924
489 4924
629 4924
792 4924
1132 4924
1255 4924
1419 4925
2191 4926
2697 4927
2705 4928
2729 4929
2370 4930
1675 4931
1858 4932
2796 4933
2681 4934
3342 4935
3601 4936
3688 4937
3338 4938
3339 4938
3260 4939
1757 4940
1970 4941
2776 4942
3291 4943
2664 4944
2362 4945
2298 4946
1214 4947
2424 4948
2398 4949
2705 4950
1923 4951
1957 4952
2592 4953
2694 4954
3157 4955
1794 4956
1792 4957
2697 4958
3391 4959
248 4960
1428 4961
3369 4962
3339 4963
1649 4964
3706 4965
164 4966
1974 4967
3686 4968
2696 4969
2979 4970
2273 4971
3352 4972
2029 4973
1869 4974
1411 4975
3326 4975
1478 4976
2696 4977
2697 4978
2697 4979
3597 4980
3339 4981
2273 4982
1858 4983
1592 4984
2855 4985
824 4986
3687 4987
3188 4988
1923 4989
3675 4990
1872 4991
2829 4992
1872 4993
3688 4994
2690 4995
1869 4996
2997 4997
3591 4998
3369 4999
3688 5000
2298 5001
1763 5002
2191 5003
3203 5004
3342 5005
664 5006
3597 5007
2273 5008
1602 5009
664 5010
2362 5011
1512 5012
3698 5013
2973 5014
1435 5015
2710 5016
2696 5017
3688 5018
3626 5019
3633 5020
1957 5021
2355 5022
